         0
         0
         0
         0
         0
         0
         0
         0
         0
         0
      1034
      1046
      1050
      1065
      1133
      1155
      1116
      1147
      1108
      1067
      1051
      1028
      1074
      1132
      1175
      1200
      1230
      1154
      1162
      1206
      1234
      1199
      1262
      1249
      1188
      1192
      1223
      1176
      1193
      1128
      1136
      1188
      1131
      1138
      1022
      1109
      1092
      1085
      1092
      1109
      1042
      1114
      1092
      1063
      1108
      1112
      1160
      1189
      1162
      1201
      1214
      1206
      1179
      1249
      1225
      1193
      1182
      1199
      1164
      1144
      1164
      1183
      1165
      1227
      1177
      1143
      1181
      1127
      1105
      1131
      1078
      1134
      1113
      1146
      1156
      1178
      1183
      1122
      1252
      1223
      1203
      1241
      1190
      1271
      1190
      1237
      1173
      1198
      1233
      1195
      1194
      1215
      1278
      1204
      1243
      1221
      1224
      1212
      1294
      1275
      1236
      1268
      1245
      1261
      1298
      1198
      1209
      1178
      1249
      1208
      1251
      1216
      1279
      1252
      1207
      1219
      1268
      1239
      1241
      1189
      1286
      1242
      1227
      1267
      1310
      1327
      1276
      1323
      1306
      1287
      1196
      1179
      1201
      1246
      1300
      1291
      1214
      1309
      1254
      1230
      1281
      1242
      1233
      1290
      1218
      1250
      1204
      1186
      1320
      1213
      1181
      1242
      1214
      1216
      1184
      1174
      1258
      1196
      1203
      1217
      1155
      1257
      1301
      1252
      1264
      1213
      1197
      1213
      1260
      1220
      1195
      1263
      1201
      1252
      1252
      1245
      1236
      1223
      1275
      1275
      1292
      1261
      1255
      1300
      1332
      1318
      1282
      1307
      1328
      1390
      1342
      1410
      1418
      1417
      1457
      1480
      1440
      1493
      1458
      1555
      1506
      1504
      1464
      1615
      1568
      1610
      1589
      1669
      1631
      1619
      1680
      1703
      1741
      1778
      1738
      1658
      1687
      1709
      1669
      1710
      1664
      1791
      1631
      1696
      1710
      1677
      1682
      1723
      1731
      1658
      1651
      1711
      1683
      1639
      1702
      1730
      1607
      1631
      1602
      1633
      1659
      1660
      1662
      1607
      1682
      1653
      1632
      1678
      1553
      1659
      1558
      1599
      1595
      1581
      1583
      1594
      1595
      1542
      1531
      1592
      1562
      1620
      1592
      1586
      1542
      1613
      1516
      1472
      1513
      1540
      1607
      1504
      1567
      1412
      1510
      1533
      1487
      1528
      1515
      1522
      1528
      1567
      1543
      1468
      1449
      1550
      1555
      1515
      1500
      1577
      1554
      1476
      1462
      1522
      1506
      1490
      1518
      1523
      1428
      1475
      1486
      1485
      1478
      1511
      1434
      1420
      1443
      1462
      1450
      1438
      1475
      1409
      1536
      1429
      1431
      1443
      1445
      1458
      1507
      1352
      1394
      1363
      1445
      1391
      1374
      1379
      1347
      1411
      1383
      1328
      1380
      1345
      1421
      1328
      1323
      1352
      1384
      1396
      1371
      1279
      1377
      1407
      1399
      1326
      1348
      1325
      1478
      1365
      1323
      1344
      1394
      1306
      1283
      1409
      1358
      1355
      1404
      1372
      1289
      1365
      1379
      1377
      1385
      1316
      1307
      1319
      1375
      1348
      1359
      1347
      1376
      1378
      1369
      1321
      1370
      1335
      1304
      1407
      1333
      1318
      1378
      1350
      1333
      1381
      1317
      1360
      1299
      1306
      1385
      1354
      1337
      1345
      1378
      1351
      1325
      1391
      1281
      1367
      1297
      1367
      1330
      1318
      1340
      1298
      1326
      1350
      1289
      1367
      1301
      1241
      1285
      1343
      1320
      1328
      1279
      1340
      1312
      1297
      1265
      1274
      1345
      1296
      1257
      1253
      1335
      1363
      1258
      1287
      1359
      1242
      1277
      1321
      1301
      1281
      1289
      1229
      1276
      1242
      1276
      1301
      1213
      1256
      1268
      1293
      1204
      1203
      1316
      1345
      1258
      1238
      1327
      1276
      1239
      1205
      1233
      1230
      1191
      1241
      1221
      1266
      1271
      1290
      1277
      1296
      1249
      1285
      1185
      1241
      1173
      1290
      1260
      1251
      1206
      1268
      1217
      1242
      1280
      1267
      1257
      1278
      1264
      1196
      1254
      1224
      1286
      1266
      1231
      1294
      1279
      1259
      1255
      1184
      1286
      1234
      1257
      1228
      1215
      1222
      1288
      1167
      1285
      1251
      1212
      1218
      1225
      1176
      1231
      1224
      1231
      1252
      1228
      1200
      1239
      1232
      1236
      1310
      1218
      1248
      1230
      1193
      1224
      1273
      1251
      1237
      1233
      1248
      1213
      1286
      1269
      1316
      1195
      1254
      1243
      1238
      1302
      1190
      1270
      1208
      1260
      1257
      1231
      1252
      1234
      1256
      1277
      1245
      1226
      1235
      1264
      1228
      1242
      1222
      1298
      1313
      1244
      1267
      1235
      1277
      1264
      1247
      1216
      1221
      1277
      1254
      1236
      1272
      1298
      1207
      1256
      1194
      1234
      1187
      1238
      1220
      1208
      1194
      1251
      1183
      1203
      1237
      1234
      1217
      1146
      1182
      1289
      1187
      1212
      1233
      1259
      1274
      1184
      1205
      1234
      1190
      1154
      1216
      1314
      1227
      1207
      1153
      1251
      1206
      1254
      1240
      1237
      1264
      1217
      1252
      1215
      1241
      1215
      1220
      1224
      1264
      1265
      1182
      1201
      1227
      1258
      1256
      1312
      1275
      1238
      1239
      1266
      1267
      1217
      1264
      1196
      1284
      1301
      1252
      1213
      1284
      1260
      1204
      1289
      1258
      1253
      1279
      1311
      1290
      1254
      1309
      1319
      1294
      1330
      1307
      1343
      1292
      1342
      1241
      1270
      1277
      1314
      1282
      1313
      1289
      1254
      1343
      1245
      1359
      1282
      1391
      1333
      1308
      1316
      1351
      1327
      1320
      1341
      1285
      1287
      1252
      1254
      1272
      1341
      1269
      1336
      1279
      1351
      1297
      1373
      1283
      1356
      1308
      1390
      1251
      1313
      1304
      1283
      1304
      1339
      1319
      1299
      1338
      1370
      1321
      1304
      1318
      1306
      1343
      1324
      1321
      1311
      1281
      1353
      1354
      1307
      1325
      1299
      1323
      1339
      1291
      1310
      1348
      1373
      1348
      1251
      1309
      1291
      1349
      1349
      1284
      1354
      1286
      1307
      1370
      1344
      1312
      1348
      1348
      1365
      1302
      1317
      1329
      1301
      1376
      1280
      1348
      1307
      1328
      1356
      1349
      1395
      1353
      1416
      1319
      1369
      1304
      1421
      1335
      1371
      1397
      1406
      1311
      1338
      1407
      1364
      1400
      1379
      1302
      1326
      1409
      1336
      1349
      1396
      1346
      1344
      1394
      1380
      1319
      1423
      1407
      1422
      1323
      1380
      1384
      1453
      1413
      1350
      1380
      1451
      1374
      1491
      1403
      1428
      1497
      1498
      1469
      1492
      1454
      1441
      1471
      1433
      1463
      1419
      1417
      1403
      1410
      1490
      1485
      1500
      1409
      1354
      1419
      1441
      1467
      1491
      1431
      1421
      1496
      1425
      1482
      1499
      1506
      1481
      1452
      1426
      1479
      1462
      1479
      1442
      1511
      1503
      1483
      1431
      1420
      1469
      1464
      1476
      1462
      1503
      1528
      1508
      1444
      1477
      1542
      1509
      1516
      1436
      1509
      1413
      1516
      1446
      1474
      1507
      1483
      1555
      1463
      1457
      1503
      1497
      1504
      1509
      1547
      1502
      1555
      1441
      1530
      1420
      1449
      1494
      1473
      1508
      1528
      1503
      1511
      1582
      1534
      1473
      1533
      1504
      1489
      1505
      1526
      1618
      1501
      1497
      1613
      1503
      1509
      1502
      1520
      1539
      1513
      1518
      1531
      1580
      1593
      1579
      1477
      1546
      1545
      1490
      1574
      1569
      1491
      1583
      1533
      1576
      1543
      1574
      1551
      1600
      1533
      1619
      1608
      1570
      1617
      1533
      1531
      1639
      1648
      1541
      1568
      1629
      1634
      1575
      1556
      1506
      1549
      1588
      1561
      1591
      1575
      1495
      1595
      1498
      1521
      1524
      1544
      1549
      1582
      1510
      1496
      1506
      1519
      1428
      1476
      1417
      1486
      1447
      1427
      1473
      1468
      1421
      1406
      1450
      1371
      1386
      1400
      1284
      1347
      1363
      1378
      1351
      1323
      1333
      1250
      1301
      1277
      1274
      1300
      1216
      1240
      1256
      1299
      1206
      1220
      1216
      1233
      1162
      1260
      1149
      1174
      1202
      1147
      1138
      1173
      1123
      1160
      1092
      1160
      1111
      1103
      1034
      1070
      1085
      1020
      1039
      1044
      1093
      1061
      1101
      1038
       977
      1041
      1054
      1079
      1078
      1057
      1002
       973
       988
      1063
       984
       994
       984
      1023
       992
      1025
       972
       990
      1009
       995
      1016
      1019
      1012
       934
      1037
       985
       977
      1000
      1006
      1015
      1006
       991
       939
       946
       917
      1024
      1006
       997
       987
      1019
       992
       976
      1020
       986
       996
       955
      1038
       973
       994
      1016
      1010
      1019
       978
       941
       979
       983
       951
       952
       937
       981
       978
       976
       950
       903
       917
       966
       969
       956
       895
       959
       941
       983
       955
       920
       975
       927
       899
       958
       902
       899
       895
       924
       916
       879
       920
       956
       911
       938
       954
       928
       904
       913
       913
       944
       930
      1003
       987
      1014
       952
       995
       999
       996
      1052
      1046
      1114
      1189
      1137
      1180
      1267
      1278
      1240
      1274
      1377
      1364
      1383
      1522
      1592
      1662
      1733
      1782
      1811
      1845
      2102
      2023
      2104
      2236
      2383
      2484
      2490
      2596
      2736
      2836
      2890
      3054
      3221
      3366
      3359
      3620
      3832
      3937
      3920
      3985
      4366
      4327
      4408
      4543
      4732
      4809
      4920
      5029
      5131
      5220
      5213
      5461
      5608
      5467
      5660
      5733
      5724
      5771
      5818
      6002
      6065
      6057
      6034
      6164
      6027
      6160
      6053
      6053
      5990
      5898
      6015
      5979
      5762
      5686
      5743
      5533
      5640
      5511
      5333
      5231
      5054
      5108
      4928
      4770
      4708
      4547
      4411
      4278
      4180
      4011
      3884
      3753
      3590
      3472
      3322
      3207
      3200
      3052
      2748
      2672
      2530
      2419
      2355
      2263
      2123
      1966
      1865
      1735
      1639
      1653
      1538
      1406
      1329
      1222
      1185
      1110
       979
       945
       891
       804
       798
       730
       674
       641
       616
       525
       527
       503
       445
       440
       418
       393
       325
       341
       345
       313
       262
       283
       269
       279
       273
       296
       269
       261
       236
       241
       269
       279
       269
       304
       318
       318
       324
       358
       323
       430
       387
       430
       470
       492
       500
       544
       569
       643
       675
       698
       719
       765
       799
       880
       881
       955
      1023
      1061
      1188
      1223
      1332
      1323
      1413
      1537
      1630
      1611
      1747
      1788
      1895
      1967
      2077
      2165
      2283
      2424
      2503
      2662
      2769
      2784
      2943
      3088
      3105
      3251
      3317
      3364
      3515
      3714
      3734
      3743
      3895
      3887
      3979
      4203
      4275
      4306
      4318
      4494
      4518
      4579
      4697
      4471
      4795
      4763
      4735
      4773
      4855
      4820
      4873
      4871
      4815
      4989
      4803
      4810
      4716
      4780
      4774
      4697
      4778
      4677
      4501
      4550
      4578
      4435
      4427
      4194
      4234
      4144
      3950
      3979
      3870
      3746
      3654
      3591
      3437
      3398
      3230
      3062
      3076
      2936
      2914
      2754
      2717
      2476
      2432
      2241
      2306
      2151
      2083
      2025
      1809
      1754
      1646
      1623
      1573
      1552
      1379
      1253
      1213
      1164
      1055
      1083
       964
       867
       855
       767
       713
       669
       600
       600
       578
       504
       509
       427
       433
       396
       368
       315
       298
       274
       242
       251
       226
       198
       202
       164
       139
       151
       137
       126
       101
        95
        76
        99
        62
        80
        69
        55
        47
        46
        40
        39
        32
        28
        25
        29
        30
        26
        16
        25
        17
        14
        11
        14
         8
        13
        15
        10
        16
        12
        10
         8
         5
         4
         9
         2
        14
        11
         8
         5
         5
         6
         4
         7
         7
         5
         4
         6
         5
         0
         2
         3
         4
         6
         3
         7
         4
         4
         4
         7
         4
         4
         1
         0
         5
         5
         5
         4
         7
         6
         1
         3
         3
         6
         5
         4
         2
         7
         1
         8
         5
         4
         4
         4
         7
         8
         4
         3
         7
         4
         1
         6
         4
         4
         4
         4
         2
         4
         4
         2
         2
         5
         5
         6
         4
         5
         4
         3
         5
         4
         4
         1
         7
         3
         3
         3
         6
         4
         3
         2
         8
         1
         2
         5
         3
         3
         3
         3
         3
         2
         3
         3
         6
         3
         3
         8
         6
         2
         4
         3
         4
         5
         7
         4
         4
         3
         5
         2
         5
         3
         0
         7
         2
         5
         5
         3
         6
         4
         5
         4
         5
         2
         4
         4
         2
         2
         5
         1
         4
         4
         4
         4
         1
         6
         0
         1
         2
         4
         4
         5
         4
         5
         3
         6
         5
         4
         6
         5
         2
         7
         1
         4
         4
         7
         0
         4
         3
         3
         5
         2
         1
         5
         9
         3
         6
         5
         4
         5
         5
         4
         5
         3
         3
         5
         5
         5
         7
         6
         6
         4
         1
         2
         0
         6
         5
         4
         4
         3
         2
         2
         6
         3
         9
         2
         3
         4
         4
         3
         3
         4
         4
         5
         2
         5
         7
         5
         4
         2
         4
         3
         3
         4
         5
         3
         5
         4
         4
         3
         7
         6
         3
        12
         5
         1
         2
         5
         4
         1
         4
         5
         3
         6
         5
         1
         6
         2
         6
         3
         5
         6
         6
         5
         7
         7
         6
         8
         2
         4
         3
         2
         2
        11
         5
         2
         6
         2
         5
         2
         6
         3
         5
         6
         4
         3
         5
         0
         6
         7
         2
         4
         3
         4
         3
         3
         1
         4
         4
         2
         0
         4
         3
         0
         3
         2
         7
         4
         2
         2
         4
         3
         8
         6
         2
         5
         4
         8
         0
         1
         3
         5
         6
         2
         3
         2
         4
         5
         7
         4
         1
         2
         1
         1
         2
         1
         3
         6
         3
         6
         7
         0
         4
         2
         4
         3
         1
         8
         5
         3
         0
         3
         4
         4
         3
         6
         1
         3
        10
         2
         3
         5
         7
         4
         2
         2
         3
         1
         1
         5
         3
         6
         2
         2
         1
         6
         3
         2
         3
         4
         2
         3
         3
         4
         8
         3
         8
         2
         3
         2
         2
         2
         4
         5
         8
         0
         2
         0
         5
         5
         1
         5
         1
         3
         0
         4
         6
         3
         3
         5
         3
         6
         1
         4
         4
         5
         5
         0
         2
         7
         7
         3
         6
         2
         3
         5
         8
         6
         1
         3
         2
         3
         1
         4
         2
         2
         2
         3
         3
         5
         3
         2
         5
         4
         4
         5
         4
         1
         6
         0
         2
         2
         7
         2
         6
         1
         6
         3
         0
         6
         4
         3
         7
         2
         2
         3
         3
         4
         7
         3
         5
         4
         2
         1
         6
         3
         8
         3
         2
         2
         3
         2
         0
         4
         3
         1
         4
         6
         1
         2
         4
         4
         3
         2
         4
         4
         3
         5
         1
         4
         4
         2
         2
         3
         4
         4
         1
         4
         2
         7
        11
         4
         5
         1
         0
         5
         3
         2
         1
         7
         5
         7
         4
         7
         2
         4
         7
         6
         5
         2
         3
         2
         4
         2
         2
         1
         2
         3
         2
         4
         4
         2
         0
         4
         2
         2
         4
         4
         1
         1
         3
         1
         3
         2
         1
         2
         3
         2
         3
         5
         2
         3
         2
         1
         2
         5
         5
         4
         1
         1
         2
         1
         2
         1
         6
         3
         5
         1
         3
         4
         4
         3
         4
         4
         1
         3
         3
         3
         1
         2
         3
         0
         0
         1
         5
         1
         4
         3
         3
         4
         2
         3
         2
         2
         1
         1
         1
         2
         3
         3
         5
         2
         2
         1
         3
         2
         1
         2
         2
         4
         4
         1
         2
         1
         5
         3
         4
         4
         4
         2
         3
         2
         4
         1
         3
         5
         2
         6
         1
         0
         3
         2
         1
         3
         4
         1
         2
         2
         3
         3
         6
         3
         3
         0
         2
         2
         2
         1
         3
         5
         3
         3
         2
         5
         3
         3
         2
         2
         4
         3
         2
         1
         3
         3
         4
         3
         3
         4
         2
         5
         1
         1
         0
         2
         5
         2
         3
         1
         2
         3
         5
         6
         0
         1
         2
         2
         3
         2
         2
         1
         2
         5
         3
         2
         1
         3
         3
         4
         1
         2
         6
         3
         5
         2
         0
         2
         0
         4
         2
         1
         3
         2
         5
         3
         3
         2
         3
         2
         1
         1
         1
         3
         3
         3
         2
         0
         5
         0
         4
         4
         1
         1
         3
         2
         3
         2
         5
         2
         5
         4
         2
         1
         6
         1
         3
         2
         5
         4
         2
         5
         2
         3
         4
         3
         2
         3
         3
         3
         5
         1
         4
         4
         4
         3
         2
         5
         1
         3
         4
         8
         7
         2
         3
         3
         1
         4
         2
         0
         3
         4
         2
         4
         3
         3
         5
         4
         6
         3
         2
         4
         7
         3
         5
         4
         1
         4
         3
         4
         2
         4
         3
         3
         1
         4
         5
         2
         3
         6
         4
         3
         2
         4
         4
         2
         0
         2
         3
         2
         0
         3
         4
         1
         5
         7
         4
         4
         2
         3
         5
         2
         1
         2
         3
         1
         2
         2
         2
         3
         2
         3
         2
         0
         0
         1
         2
         3
         3
         1
         1
         3
         3
         1
         0
         2
         0
         0
         2
         0
         4
         1
         1
         4
         1
         0
         1
         2
         1
         0
         1
         1
         2
         2
         2
         0
         1
         0
         0
         4
         0
         1
         0
         1
         3
         1
         2
         1
         4
         1
         0
         2
         0
         1
         1
         2
         1
         0
         2
         1
         1
         0
         0
         1
         0
         1
         1
         0
         2
         2
         1
         0
         0
         0
         0
         1
         1
         2
         0
         0
         1
         2
         1
         0
         0
         1
         1
         0
         0
         2
         0
         1
         1
         0
         0
         0
         0
         0
         0
         0
         2
         0
         1
         0
         1
         1
         0
         1
         1
         0
         2
         0
         1
         0
         1
         0
         2
         0
         0
         0
         0
         0
         4
         1
         2
         2
         0
         2
         2
         1
         2
         1
         0
         0
         2
         0
         2
         1
         1
         1
         1
         1
         4
         1
         3
         2
         3
         0
         1
         1
         2
         4
         2
         1
         1
         1
         3
         1
         1
         4
         4
         1
         5
         1
         0
         2
         2
         3
         0
         2
         5
         2
         3
         1
         5
         4
         4
         2
         1
         2
         3
         3
         6
         3
         3
         6
         5
         4
         4
         3
         2
         5
         4
         8
         2
         2
         9
         5
         4
         6
         3
         4
         5
         4
         7
         5
        10
         4
         4
         4
         4
         6
         4
         7
        11
         4
         9
         4
         5
         4
         7
         7
         5
         7
         3
         6
         7
         9
         8
         4
        10
         6
         4
         3
         4
         3
         3
         5
         6
         5
         4
         6
         2
        10
         4
         5
         3
         6
        10
         7
         5
         5
         3
         8
         6
         6
         3
         6
         6
         5
         2
         4
         4
         4
         4
         6
         6
        11
         4
         8
         5
         5
         2
         4
         1
         0
         6
         2
         2
         3
         2
         5
         4
         0
         2
         2
         2
         0
         3
         2
         3
         2
         2
         1
         0
         1
         0
         1
         1
         2
         2
         0
         1
         2
         0
         3
         0
         0
         0
         0
         1
         2
         1
         2
         1
         1
         0
         1
         2
         0
         4
         0
         0
         0
         0
         0
         0
         0
         0
         0
         0
         0
         1
         0
         0
         0
         0
         0
         0
         0
         0
         0
         0
         0
         0
         0
         0
         0
         0
         0
         0
         0
         1
         0
         0
         0
         0
         0
         0
         0
         0
         0
         0
         0
         0
         0
         0
         0
         0
         0
         0
         0
         0
         0
         0
         0
         0
         0
         0
         0
         0
         0
         0
         0
         0
         0
         0
         0
         0
         0
         0
         0
         0
         0
         0
         0
         0
         0
         0
         0
         0
         0
         0
         0
         0
         0
         0
         0
         0
         0
         0
         0
         0
         0
         0
         0
         0
         0
         0
         0
         0
         0
         0
         0
         0
         0
         0
         0
         0
         0
         0
         0
         0
         0
         0
         0
         0
         0
         0
         0
         0
         0
         0
         0
         0
         0
         0
         0
         0
         0
         0
         0
         0
         0
         0
         0
         0
         0
         0
         0
         0
         0
         0
         0
         0
         0
         0
         0
         0
         0
         0
         0
         0
         0
         0
         0
         0
         0
         0
         0
         0
         0
         0
         0
         0
         0
         0
         0
         0
         0
         0
         0
         0
         0
         0
         0
         0
         0
         0
         0
         0
         0
         0
         0
         0
         0
         0
         0
         0
         0
         0
         0
         0
         0
         0
         0
         0
         0
         0
         0
         0
         0
         0
         0
         0
         0
         0
         0
         0
         0
         0
         0
         0
         0
         0
         0
         0
         0
         0
         0
         0
         0
         0
         0
         0
         0
         0
         0
         0
         0
         0
         0
         0
         0
         0
         0
         0
         0
         0
         0
         0
         0
         0
         0
         0
         0
         0
         0
         0
         0
         0
         0
         0
         0
         0
         0
         0
         0
         0
         0
         0
         0
         0
         0
         0
         0
         0
         0
         0
         0
         0
         0
         0
         0
         0
         0
         0
         0
         0
         0
         0
         0
         0
         0
         0
         0
         0
         0
         0
         0
         0
         0
         0
         0
         0
         0
         0
         0
         0
         0
         0
         0
         0
         0
         0
         0
         0
         0
         0
         0
         0
         0
         0
         0
         0
         0
         0
         0
         0
         0
         0
         0
         0
         0
         0
         0
         0
         0
         0
         0
         0
         0
         0
         0
         0
         0
         0
         0
         0
         0
         0
         0
         0
         0
         0
         0
         0
         0
         0
         0
         0
         0
         0
         0
         0
         0
         0
         0
         0
         0
         0
         0
         0
         0
         0
         0
         0
         0
         0
         0
         0
         0
         0
         0
         0
         0
         0
         0
         0
         0
         0
         0
         0
         0
         0
         0
         0
         0
         0
         0
         0
         0
         0
         0
         0
         0
         0
         0
         0
         0
         0
