         0
         0
         0
         0
         0
         0
         0
         0
         0
         0
       980
       984
      1049
      1034
      1090
      1054
       989
      1104
      1140
      1028
      1010
       995
      1060
      1080
      1064
      1078
      1107
      1066
      1148
      1161
      1123
      1204
      1152
      1143
      1168
      1193
      1203
      1097
      1197
      1194
      1110
      1144
      1081
      1111
      1136
      1076
      1111
      1051
      1102
      1037
      1119
      1081
      1172
      1161
      1122
      1118
      1119
      1208
      1144
      1139
      1118
      1133
      1160
      1150
      1149
      1115
      1137
      1174
      1101
      1091
      1142
      1080
      1108
      1102
      1153
      1100
      1147
      1077
      1073
      1088
      1088
      1115
      1112
      1133
      1139
      1081
      1080
      1135
      1128
      1180
      1209
      1229
      1125
      1170
      1225
      1138
      1134
      1261
      1161
      1137
      1153
      1185
      1150
      1113
      1080
      1160
      1142
      1170
      1114
      1162
      1173
      1170
      1216
      1182
      1153
      1147
      1132
      1097
      1164
      1156
      1229
      1136
      1158
      1164
      1147
      1123
      1177
      1144
      1175
      1118
      1225
      1137
      1153
      1125
      1181
      1187
      1196
      1169
      1147
      1111
      1136
      1141
      1126
      1148
      1174
      1116
      1152
      1171
      1149
      1145
      1161
      1145
      1158
      1076
      1146
      1114
      1146
      1175
      1150
      1123
      1101
      1115
      1186
      1110
      1093
      1153
      1198
      1056
      1115
      1102
      1185
      1139
      1148
      1132
      1192
      1120
      1192
      1147
      1135
      1100
      1083
      1141
      1172
      1110
      1097
      1156
      1077
      1174
      1122
      1143
      1143
      1136
      1097
      1172
      1254
      1244
      1192
      1188
      1181
      1225
      1204
      1231
      1248
      1271
      1197
      1274
      1252
      1344
      1279
      1342
      1287
      1375
      1377
      1395
      1410
      1416
      1418
      1418
      1450
      1487
      1456
      1438
      1489
      1442
      1521
      1473
      1481
      1485
      1468
      1550
      1503
      1548
      1507
      1529
      1472
      1399
      1521
      1547
      1464
      1562
      1487
      1511
      1511
      1447
      1454
      1471
      1424
      1459
      1452
      1533
      1393
      1385
      1382
      1476
      1472
      1403
      1379
      1390
      1490
      1480
      1431
      1401
      1417
      1372
      1441
      1392
      1392
      1421
      1423
      1426
      1368
      1379
      1404
      1396
      1442
      1400
      1391
      1370
      1419
      1382
      1356
      1351
      1427
      1400
      1294
      1391
      1346
      1386
      1344
      1364
      1378
      1354
      1336
      1373
      1386
      1346
      1343
      1383
      1402
      1357
      1359
      1381
      1339
      1485
      1400
      1383
      1370
      1411
      1322
      1299
      1370
      1378
      1318
      1331
      1373
      1349
      1374
      1339
      1310
      1286
      1317
      1294
      1362
      1272
      1390
      1338
      1354
      1256
      1355
      1318
      1304
      1284
      1278
      1273
      1292
      1217
      1224
      1277
      1305
      1244
      1182
      1195
      1263
      1231
      1308
      1264
      1209
      1279
      1234
      1196
      1201
      1208
      1243
      1216
      1249
      1293
      1202
      1219
      1227
      1268
      1300
      1283
      1219
      1300
      1218
      1236
      1229
      1230
      1243
      1223
      1242
      1304
      1207
      1238
      1239
      1191
      1277
      1222
      1211
      1219
      1298
      1282
      1184
      1217
      1160
      1245
      1264
      1162
      1264
      1351
      1251
      1251
      1255
      1259
      1276
      1208
      1271
      1253
      1308
      1224
      1305
      1230
      1243
      1238
      1278
      1180
      1243
      1205
      1306
      1211
      1260
      1246
      1220
      1240
      1257
      1252
      1254
      1202
      1230
      1241
      1284
      1237
      1320
      1215
      1214
      1239
      1238
      1231
      1180
      1177
      1185
      1257
      1269
      1205
      1223
      1241
      1232
      1213
      1232
      1263
      1236
      1222
      1231
      1273
      1247
      1192
      1239
      1228
      1231
      1212
      1312
      1293
      1254
      1244
      1206
      1230
      1262
      1262
      1216
      1251
      1290
      1238
      1210
      1208
      1150
      1257
      1171
      1213
      1187
      1227
      1192
      1244
      1199
      1158
      1258
      1190
      1249
      1195
      1212
      1236
      1201
      1254
      1186
      1214
      1205
      1162
      1208
      1195
      1212
      1232
      1214
      1200
      1197
      1185
      1182
      1218
      1105
      1246
      1168
      1190
      1272
      1135
      1205
      1243
      1161
      1146
      1158
      1203
      1224
      1223
      1154
      1176
      1204
      1200
      1121
      1152
      1183
      1192
      1193
      1183
      1168
      1219
      1152
      1157
      1224
      1163
      1137
      1217
      1196
      1208
      1172
      1160
      1156
      1180
      1149
      1114
      1264
      1181
      1176
      1208
      1175
      1235
      1154
      1212
      1169
      1182
      1206
      1199
      1177
      1196
      1175
      1192
      1188
      1214
      1153
      1147
      1202
      1266
      1300
      1216
      1230
      1223
      1202
      1119
      1191
      1120
      1172
      1238
      1282
      1250
      1206
      1244
      1190
      1148
      1232
      1213
      1228
      1123
      1209
      1222
      1227
      1259
      1253
      1226
      1159
      1193
      1186
      1185
      1246
      1226
      1237
      1198
      1246
      1245
      1111
      1199
      1248
      1195
      1141
      1157
      1195
      1205
      1212
      1199
      1211
      1274
      1246
      1158
      1211
      1249
      1183
      1186
      1193
      1238
      1224
      1221
      1191
      1233
      1260
      1182
      1219
      1221
      1213
      1255
      1203
      1220
      1187
      1147
      1183
      1280
      1222
      1267
      1197
      1265
      1227
      1288
      1245
      1288
      1259
      1234
      1218
      1245
      1275
      1276
      1306
      1238
      1271
      1257
      1273
      1296
      1202
      1288
      1311
      1257
      1278
      1312
      1233
      1293
      1230
      1238
      1321
      1189
      1305
      1258
      1279
      1275
      1231
      1290
      1311
      1319
      1302
      1235
      1277
      1228
      1331
      1342
      1253
      1392
      1303
      1309
      1264
      1281
      1337
      1352
      1249
      1379
      1304
      1253
      1298
      1285
      1298
      1308
      1292
      1337
      1302
      1290
      1298
      1346
      1278
      1284
      1299
      1358
      1323
      1359
      1341
      1308
      1344
      1244
      1299
      1282
      1301
      1312
      1325
      1304
      1287
      1360
      1404
      1344
      1347
      1325
      1291
      1347
      1362
      1296
      1245
      1284
      1324
      1351
      1342
      1309
      1284
      1376
      1327
      1375
      1331
      1312
      1374
      1278
      1292
      1331
      1358
      1313
      1340
      1303
      1401
      1372
      1414
      1328
      1305
      1345
      1348
      1332
      1312
      1362
      1387
      1388
      1339
      1295
      1375
      1321
      1325
      1416
      1343
      1274
      1406
      1339
      1316
      1348
      1344
      1370
      1357
      1390
      1384
      1384
      1340
      1425
      1359
      1396
      1324
      1391
      1407
      1387
      1395
      1327
      1389
      1415
      1371
      1494
      1377
      1382
      1331
      1404
      1433
      1408
      1387
      1458
      1402
      1447
      1370
      1437
      1458
      1488
      1447
      1430
      1435
      1515
      1449
      1506
      1430
      1523
      1460
      1441
      1469
      1519
      1423
      1426
      1468
      1468
      1450
      1444
      1517
      1426
      1481
      1434
      1498
      1446
      1450
      1486
      1531
      1502
      1464
      1499
      1445
      1430
      1449
      1428
      1557
      1482
      1469
      1511
      1444
      1456
      1459
      1542
      1420
      1457
      1433
      1436
      1464
      1509
      1464
      1549
      1493
      1469
      1432
      1477
      1560
      1544
      1498
      1490
      1514
      1474
      1507
      1503
      1483
      1505
      1552
      1570
      1547
      1587
      1498
      1515
      1580
      1519
      1479
      1460
      1464
      1513
      1580
      1496
      1536
      1569
      1509
      1598
      1551
      1580
      1523
      1512
      1534
      1544
      1492
      1498
      1526
      1581
      1503
      1535
      1578
      1521
      1601
      1584
      1612
      1635
      1568
      1636
      1632
      1559
      1554
      1630
      1507
      1622
      1565
      1618
      1624
      1620
      1539
      1626
      1550
      1591
      1618
      1639
      1606
      1554
      1591
      1669
      1683
      1610
      1672
      1611
      1707
      1609
      1578
      1608
      1626
      1539
      1577
      1568
      1645
      1589
      1618
      1543
      1567
      1458
      1571
      1502
      1548
      1503
      1562
      1503
      1533
      1595
      1483
      1521
      1416
      1475
      1466
      1483
      1389
      1468
      1453
      1408
      1384
      1384
      1418
      1376
      1291
      1347
      1394
      1339
      1299
      1352
      1372
      1294
      1316
      1241
      1277
      1249
      1173
      1263
      1248
      1312
      1232
      1208
      1170
      1177
      1178
      1241
      1165
      1182
      1106
      1124
      1090
      1151
      1147
      1143
      1117
      1063
      1088
      1081
      1037
      1081
      1017
      1022
      1076
      1075
      1070
      1077
      1133
      1047
      1059
      1087
      1081
       990
      1036
      1056
      1030
       990
      1067
       981
      1022
      1050
      1012
      1023
      1042
      1050
       994
       996
      1025
      1026
      1015
      1028
      1009
      1006
       970
      1046
       981
      1000
       913
      1007
      1003
       949
       989
       972
       993
       996
       989
      1020
       937
       971
       986
      1040
       957
       935
       993
      1026
       963
       950
       992
       954
       952
       979
       984
       980
      1007
      1011
      1021
       975
       992
       967
       970
       980
       931
       927
       980
       912
       906
       947
       951
       940
       933
       979
       922
       936
       962
       876
       935
       958
       923
       882
       914
       913
       998
       991
       958
       902
       934
       938
       937
       961
       921
       888
       913
       952
       969
       981
      1003
       978
      1058
      1044
      1057
      1114
      1084
      1123
      1103
      1226
      1171
      1234
      1300
      1314
      1405
      1456
      1528
      1634
      1628
      1703
      1720
      1816
      1882
      1999
      2056
      2070
      2171
      2286
      2360
      2482
      2679
      2651
      2837
      2966
      3033
      3209
      3265
      3461
      3564
      3614
      3853
      4013
      3991
      4160
      4350
      4516
      4640
      4834
      4856
      5068
      5122
      5257
      5292
      5508
      5609
      5684
      5768
      5689
      6047
      6037
      5977
      6019
      6127
      6209
      6254
      6317
      6319
      6333
      6333
      6373
      6342
      6300
      6286
      6335
      6309
      6241
      5915
      6042
      5937
      5756
      5802
      5648
      5618
      5514
      5409
      5291
      5212
      4939
      4833
      4707
      4635
      4493
      4262
      4149
      4027
      3807
      3752
      3640
      3450
      3251
      3210
      3111
      3034
      2812
      2659
      2507
      2378
      2293
      2168
      2016
      1900
      1788
      1703
      1681
      1533
      1390
      1323
      1222
      1180
      1118
       997
       940
       900
       942
       808
       732
       711
       660
       607
       574
       552
       512
       489
       466
       426
       395
       352
       376
       338
       298
       302
       294
       273
       289
       248
       254
       247
       255
       252
       291
       255
       302
       283
       286
       307
       287
       320
       359
       387
       404
       379
       402
       466
       508
       511
       545
       539
       608
       672
       694
       704
       803
       839
       864
       957
       996
      1114
      1123
      1181
      1244
      1379
      1415
      1361
      1607
      1674
      1710
      1822
      1928
      2020
      2056
      2206
      2278
      2316
      2519
      2621
      2659
      2861
      2887
      2999
      3113
      3313
      3367
      3366
      3546
      3578
      3778
      3871
      3844
      4132
      4073
      4208
      4306
      4292
      4454
      4516
      4529
      4696
      4732
      4744
      4875
      4928
      4948
      4946
      5035
      5114
      5053
      5113
      5044
      5004
      5169
      5059
      5059
      5048
      5048
      5122
      4990
      4962
      4774
      4821
      4668
      4726
      4564
      4508
      4402
      4319
      4200
      4277
      4025
      3942
      3926
      3797
      3631
      3610
      3427
      3384
      3284
      3161
      3003
      3104
      2797
      2743
      2668
      2496
      2405
      2312
      2235
      2178
      2008
      1891
      1844
      1780
      1647
      1574
      1481
      1444
      1408
      1251
      1173
      1139
      1095
      1084
       931
       874
       784
       790
       704
       685
       665
       588
       550
       497
       403
       436
       367
       364
       316
       317
       295
       252
       264
       230
       190
       197
       174
       145
       143
       151
       111
       123
       104
        97
        77
        77
        81
        62
        54
        57
        40
        46
        25
        36
        33
        36
        28
        25
        19
        23
        13
        14
        14
        11
        12
         5
         9
        11
         6
         3
        12
        10
        13
         6
         5
         6
         6
         3
         4
         5
         4
         2
         1
         3
         3
         8
         5
         7
         2
         4
         2
         6
         6
         7
         1
         0
        11
         4
         5
         3
         4
         6
         8
         5
         5
         2
         4
         5
         5
         5
         6
         7
         3
         4
         4
         3
         0
         1
         4
         4
         2
         4
         8
         1
         5
         1
         0
         2
         8
         6
         6
         2
         5
         5
         3
         4
         2
         2
         5
         3
         2
         7
         2
         4
         2
         2
         5
         5
         5
         5
         8
         1
         2
         3
         1
         4
         4
         5
         4
         3
         3
         1
         2
         2
         3
         3
         4
         3
         2
         4
         3
         2
         2
         1
         4
         5
         6
         2
         5
         5
         7
         1
         2
         5
         3
         5
         3
         3
         3
         3
         9
         1
         2
         4
         7
         6
         4
         6
         4
         4
         4
         5
         0
         3
         6
         0
         2
         3
         5
         6
         2
         4
         3
         5
         3
         1
         5
         5
         5
         2
         8
         4
         3
         4
         3
         3
         4
         3
         4
         4
         2
         3
         4
         5
         5
         2
         4
         5
         9
         4
         3
         5
         0
         6
         0
         4
         3
         6
         7
         5
         2
         7
         3
         4
         4
         9
         4
         4
         4
         3
         2
         7
         5
         1
         6
         5
         5
         4
         3
         4
         2
         4
        15
         0
         4
         4
         7
         3
         3
         3
         3
         7
        10
         4
         2
         7
         5
         5
         5
         7
         6
         4
         4
         6
         5
         1
         3
         4
        10
         7
         5
         2
         3
         1
         6
         1
         5
         9
         3
         2
         6
         5
         2
         4
         4
         4
         2
         1
         4
         2
         3
         2
         2
         5
         5
         5
         3
         3
         4
         4
         4
         3
         1
         8
         0
         5
         3
         1
         6
         9
         2
         5
         5
         1
         1
         3
         3
         3
         6
         4
         2
         2
         7
         3
         1
         4
         4
         2
         4
         2
         3
         3
         3
         5
         3
         2
         3
         3
         5
         3
         3
         5
         6
         7
         1
         0
         1
         4
         5
         3
         4
         3
        10
         1
         0
         1
         4
         5
         5
         1
         6
         4
         3
         2
         4
         4
         4
         3
         4
         1
         7
         5
         6
         4
         2
         1
         1
         4
         6
         3
         3
         5
         7
         2
         4
         5
         6
         6
         5
         7
         1
         4
         1
         9
         1
         1
         7
         3
         2
         4
         4
         2
         6
         7
         4
         4
         4
         3
         6
         2
         5
         4
         5
         4
         4
         7
         4
         6
         3
         3
         2
         6
         3
         9
         6
         5
         2
         7
         6
         5
         7
         1
         6
         5
         6
         4
         4
         6
         7
         3
         5
         4
         6
         6
         4
         2
         2
         4
         1
         7
         5
         4
         5
         3
         9
        10
         3
         2
         7
         1
         5
         5
         6
         3
         7
         1
         4
         6
         2
         4
         4
         4
         4
         5
         4
         6
         3
         3
         8
         4
         4
         7
         6
         4
         3
         7
         9
         3
         3
         5
         2
         7
         2
         1
         4
         4
         3
         4
         3
         3
         2
         4
         6
         5
         0
         6
         7
         3
         3
         6
         4
         4
         4
         2
         5
         4
         6
         6
         2
         7
         4
         8
         4
         4
         4
         4
         3
         4
         3
         4
         5
         6
         4
         6
         3
         1
         6
         3
         7
         3
         5
         3
         3
         7
         3
         8
         6
         3
         1
         4
         4
         5
         6
         3
         6
         2
         6
         1
         4
         8
         3
         3
         3
         1
         2
         4
         3
         2
         3
         4
         5
         4
         5
         5
        11
         4
         1
         3
         4
         3
         5
         4
         2
         4
         5
         2
         4
         4
         2
         5
         7
        10
         0
         1
         8
         2
         6
         3
         1
         5
         0
         2
         1
         2
         3
         2
         4
         2
         4
         5
         8
         5
         4
         3
         1
         2
         3
         4
         5
         2
         7
         4
         3
         0
         4
         2
         4
         2
         2
         4
         3
         2
         6
         2
         3
         2
         1
         2
         5
         1
         0
         5
         5
         2
         2
         2
         9
         4
         3
         2
         0
         1
         1
         4
         3
         4
         2
         3
         5
         3
         4
         2
         7
         3
         6
         2
         1
         1
         5
         3
         6
         3
         4
         5
         4
         4
         3
         1
         4
         1
         1
         4
         3
         3
         3
         2
         2
         2
         8
         2
         4
         5
         2
         3
         1
         1
         1
         4
         4
         6
         2
         1
         4
         1
         0
         0
         3
         0
         1
         2
         1
         3
         4
         5
         3
         3
         6
         1
         3
         2
         4
         4
         2
         2
         3
         2
         4
         0
         5
         2
         4
         2
         1
         1
         1
         4
         4
         3
         4
         2
         1
         2
         3
         3
         1
         2
         1
         2
         3
         1
         4
         2
         3
         1
         3
         1
         4
         1
         3
         2
         1
         7
         5
         3
         2
         3
         2
         3
         4
         1
         2
         3
         2
         0
         4
         4
         1
         2
         4
         6
         2
         3
         3
         1
         4
         3
         4
         1
         5
         3
         0
         5
         2
         0
         1
         4
         2
         0
         1
         7
         3
         6
         4
         5
         6
         4
         7
         2
         6
         4
         4
         4
         3
         4
         1
         3
         3
         2
         3
         3
         3
         5
         2
         3
         1
         5
         1
         8
         4
         6
         4
         2
         7
         3
         3
         2
         4
         5
         2
         3
         6
         2
         5
         9
         3
         5
         6
         2
         3
         5
         4
         2
         4
         3
         6
         5
         5
         3
         1
         4
         3
         2
         4
         3
         4
         3
         5
         1
         8
         3
         5
         3
         1
         3
         5
         2
         3
         3
         1
         2
         2
         2
         3
         3
         4
         4
         5
         4
         5
         4
         1
         0
         5
         3
         3
         2
         2
         2
         2
         1
         2
         4
         9
         1
         3
         4
         3
         3
         2
         1
         0
         1
         2
         1
         0
         2
         1
         2
         2
         4
         1
         1
         1
         1
         3
         1
         0
         2
         0
         0
         0
         3
         1
         4
         2
         1
         1
         1
         2
         2
         1
         1
         0
         3
         1
         3
         2
         1
         0
         0
         0
         1
         1
         1
         0
         0
         1
         0
         1
         0
         1
         0
         0
         0
         1
         1
         2
         1
         1
         1
         2
         1
         1
         1
         2
         2
         0
         1
         0
         0
         1
         1
         0
         2
         0
         0
         1
         1
         2
         3
         0
         0
         0
         2
         0
         2
         1
         1
         1
         1
         0
         0
         1
         0
         2
         0
         2
         3
         2
         1
         1
         2
         1
         1
         2
         1
         1
         0
         1
         3
         1
         0
         0
         2
         7
         0
         1
         4
         0
         1
         4
         2
         2
         4
         3
         1
         1
         1
         3
         5
         4
         2
         2
         2
         0
         2
         2
         5
         6
         2
         2
         3
         3
         3
         4
         3
         5
         4
         2
         6
         3
         4
         8
         7
         5
         7
        10
         8
         7
         6
         3
         5
         2
         5
         9
         6
         4
         3
         8
         5
         7
         7
         4
         5
         6
         7
         2
         6
         7
         5
         4
         6
         7
         5
         7
         6
         6
         3
         5
         3
         5
         9
         9
         5
         5
         4
         6
         7
         4
         8
         7
         3
         4
         9
         8
         5
        12
         4
         4
         9
         8
         4
         5
         5
         1
         4
         1
         5
         7
         4
         4
         6
         8
         5
         2
         5
         7
         4
        11
         2
         4
         3
         5
         4
         5
         2
         7
         2
         2
         4
         7
         5
         1
         5
         2
         7
         6
         3
         3
         2
         3
         2
         1
         4
         6
         4
         3
         1
         1
         5
         2
         4
         4
         3
         2
         1
         0
         0
         0
         1
         2
         1
         2
         2
         0
         1
         1
         2
         0
         1
         0
         0
         2
         1
         0
         0
         0
         1
         1
         0
         0
         1
         0
         1
         0
         0
         0
         0
         1
         0
         0
         0
         0
         0
         0
         0
         0
         0
         0
         0
         0
         0
         0
         1
         1
         0
         0
         0
         0
         0
         0
         0
         2
         0
         0
         0
         0
         0
         0
         0
         0
         0
         0
         0
         0
         0
         0
         0
         0
         0
         0
         0
         0
         0
         0
         0
         0
         0
         0
         0
         0
         0
         0
         0
         0
         0
         0
         0
         0
         0
         0
         0
         0
         0
         0
         0
         0
         0
         0
         0
         0
         0
         0
         0
         0
         0
         0
         0
         0
         0
         0
         0
         0
         0
         0
         0
         0
         0
         0
         0
         0
         0
         0
         0
         0
         0
         0
         0
         0
         0
         0
         0
         0
         0
         0
         0
         0
         0
         0
         0
         0
         0
         0
         0
         0
         0
         0
         0
         0
         0
         0
         0
         0
         0
         0
         0
         0
         0
         0
         0
         0
         0
         0
         0
         0
         0
         0
         0
         0
         0
         0
         0
         0
         0
         0
         0
         0
         0
         0
         0
         0
         0
         0
         0
         0
         0
         0
         0
         0
         0
         0
         0
         0
         0
         0
         0
         0
         0
         0
         0
         0
         0
         0
         0
         0
         0
         0
         0
         0
         0
         0
         0
         0
         0
         0
         0
         0
         0
         0
         0
         0
         0
         0
         0
         0
         0
         0
         0
         0
         0
         0
         0
         0
         0
         0
         0
         0
         0
         0
         0
         0
         0
         0
         0
         0
         0
         0
         0
         0
         0
         0
         0
         0
         0
         0
         0
         0
         0
         0
         0
         0
         0
         0
         0
         0
         0
         0
         0
         0
         0
         0
         0
         0
         0
         0
         0
         0
         0
         0
         0
         0
         0
         0
         0
         0
         0
         0
         0
         0
         0
         0
         0
         0
         0
         0
         0
         0
         0
         0
         0
         0
         0
         0
         0
         0
         0
         0
         0
         0
         0
         0
         0
         0
         0
         0
         0
         0
         0
         0
         0
         0
         0
         0
         0
         0
         0
         0
         0
         0
         0
         0
         0
         0
         0
         0
         0
         0
         0
         0
         0
         0
         0
         0
         0
         0
         0
         0
         0
         0
         0
         0
         0
         0
         0
         0
         0
         0
         0
         0
         0
         0
         0
         0
         0
         0
         0
         0
         0
         0
         0
         0
         0
         0
         0
         0
         0
         0
         0
         0
         0
         0
         0
         0
         0
         0
         0
         0
         0
         0
         0
         0
         0
         0
         0
         0
         0
         0
         0
         0
         0
         0
         0
         0
         0
         0
         0
         0
         0
         0
         0
         0
         0
         0
         0
         0
         0
         0
         0
