         0
         0
         0
         0
         0
         0
         0
         0
         0
         0
       936
       985
       982
      1049
      1018
      1038
      1055
      1082
      1119
      1145
      1029
      1015
      1054
      1104
      1163
      1117
      1148
      1116
      1130
      1139
      1139
      1158
      1154
      1204
      1184
      1222
      1149
      1186
      1197
      1104
      1121
      1184
      1109
      1114
      1109
      1076
      1097
      1132
      1087
      1064
      1088
      1087
      1081
      1055
      1176
      1095
      1148
      1128
      1144
      1134
      1119
      1112
      1135
      1117
      1170
      1123
      1129
      1116
      1144
      1178
      1148
      1099
      1104
      1127
      1146
      1111
      1097
      1047
      1092
      1057
      1089
      1075
      1120
      1119
      1149
      1098
      1170
      1130
      1130
      1170
      1121
      1135
      1224
      1211
      1105
      1159
      1168
      1167
      1151
      1141
      1154
      1151
      1170
      1118
      1158
      1107
      1140
      1088
      1078
      1127
      1147
      1128
      1110
      1114
      1123
      1057
      1125
      1142
      1189
      1070
      1121
      1109
      1144
      1205
      1155
      1150
      1191
      1101
      1222
      1176
      1171
      1159
      1120
      1157
      1175
      1159
      1098
      1141
      1153
      1150
      1137
      1119
      1171
      1145
      1154
      1184
      1158
      1158
      1105
      1118
      1196
      1246
      1113
      1165
      1107
      1189
      1097
      1115
      1107
      1088
      1111
      1111
      1149
      1099
      1146
      1083
      1103
      1130
      1091
      1097
      1179
      1097
      1126
      1136
      1140
      1142
      1122
      1144
      1127
      1127
      1108
      1106
      1118
      1093
      1134
      1154
      1128
      1129
      1118
      1116
      1161
      1147
      1111
      1108
      1200
      1175
      1150
      1188
      1233
      1239
      1191
      1147
      1213
      1220
      1302
      1301
      1256
      1320
      1359
      1299
      1299
      1286
      1372
      1382
      1426
      1400
      1391
      1413
      1415
      1464
      1484
      1468
      1355
      1459
      1465
      1451
      1400
      1464
      1530
      1461
      1487
      1499
      1508
      1489
      1534
      1517
      1459
      1499
      1447
      1515
      1449
      1469
      1455
      1368
      1485
      1409
      1476
      1409
      1389
      1463
      1428
      1434
      1378
      1442
      1405
      1400
      1411
      1445
      1326
      1430
      1331
      1478
      1400
      1345
      1310
      1402
      1318
      1380
      1336
      1452
      1434
      1400
      1415
      1338
      1382
      1374
      1402
      1361
      1347
      1343
      1357
      1369
      1356
      1344
      1373
      1398
      1326
      1380
      1287
      1323
      1368
      1363
      1344
      1363
      1416
      1380
      1424
      1342
      1357
      1398
      1393
      1337
      1362
      1274
      1384
      1344
      1396
      1360
      1417
      1358
      1369
      1314
      1310
      1374
      1366
      1327
      1337
      1310
      1375
      1329
      1367
      1335
      1364
      1344
      1288
      1309
      1268
      1301
      1244
      1277
      1293
      1347
      1257
      1199
      1300
      1296
      1312
      1256
      1167
      1248
      1264
      1246
      1206
      1265
      1248
      1231
      1243
      1231
      1215
      1250
      1277
      1214
      1265
      1228
      1272
      1248
      1315
      1288
      1285
      1236
      1159
      1175
      1253
      1281
      1237
      1244
      1194
      1237
      1168
      1183
      1232
      1216
      1226
      1242
      1229
      1244
      1240
      1160
      1223
      1225
      1222
      1179
      1329
      1237
      1303
      1165
      1236
      1254
      1244
      1263
      1213
      1256
      1264
      1211
      1203
      1274
      1207
      1216
      1303
      1247
      1226
      1212
      1228
      1212
      1240
      1264
      1219
      1229
      1211
      1208
      1143
      1306
      1212
      1288
      1209
      1208
      1241
      1207
      1128
      1223
      1202
      1175
      1195
      1203
      1159
      1218
      1216
      1195
      1133
      1174
      1175
      1209
      1199
      1184
      1183
      1195
      1204
      1208
      1226
      1166
      1189
      1250
      1235
      1232
      1209
      1135
      1229
      1189
      1237
      1278
      1227
      1178
      1239
      1162
      1248
      1203
      1251
      1206
      1253
      1269
      1230
      1256
      1265
      1246
      1133
      1197
      1185
      1232
      1201
      1182
      1197
      1205
      1222
      1187
      1227
      1209
      1258
      1204
      1252
      1159
      1181
      1174
      1192
      1161
      1187
      1188
      1193
      1206
      1219
      1229
      1185
      1173
      1202
      1205
      1170
      1249
      1194
      1154
      1213
      1145
      1168
      1235
      1160
      1196
      1150
      1159
      1117
      1157
      1173
      1173
      1192
      1179
      1166
      1188
      1181
      1175
      1208
      1108
      1175
      1192
      1223
      1152
      1147
      1128
      1204
      1133
      1193
      1170
      1222
      1202
      1178
      1192
      1162
      1216
      1162
      1246
      1185
      1146
      1235
      1175
      1152
      1256
      1260
      1116
      1184
      1186
      1137
      1177
      1194
      1214
      1219
      1212
      1190
      1134
      1179
      1228
      1167
      1232
      1228
      1179
      1173
      1174
      1241
      1200
      1242
      1239
      1234
      1205
      1160
      1216
      1211
      1220
      1127
      1186
      1206
      1191
      1229
      1177
      1229
      1147
      1234
      1205
      1200
      1172
      1108
      1208
      1188
      1133
      1170
      1238
      1150
      1191
      1223
      1178
      1211
      1209
      1158
      1178
      1215
      1209
      1183
      1167
      1228
      1171
      1246
      1226
      1257
      1146
      1256
      1148
      1247
      1238
      1194
      1187
      1207
      1251
      1253
      1225
      1151
      1257
      1197
      1196
      1184
      1233
      1215
      1211
      1160
      1262
      1194
      1248
      1208
      1256
      1227
      1231
      1132
      1125
      1316
      1237
      1215
      1198
      1237
      1287
      1246
      1252
      1242
      1290
      1233
      1307
      1353
      1222
      1285
      1328
      1265
      1254
      1283
      1267
      1272
      1285
      1294
      1310
      1314
      1307
      1325
      1321
      1376
      1318
      1273
      1323
      1263
      1284
      1223
      1312
      1245
      1231
      1288
      1326
      1327
      1328
      1364
      1301
      1292
      1331
      1256
      1301
      1303
      1317
      1268
      1283
      1326
      1264
      1298
      1369
      1301
      1326
      1303
      1284
      1293
      1208
      1306
      1281
      1319
      1353
      1275
      1276
      1314
      1330
      1328
      1383
      1363
      1376
      1336
      1332
      1338
      1275
      1352
      1323
      1343
      1331
      1288
      1322
      1321
      1371
      1327
      1260
      1347
      1326
      1345
      1320
      1311
      1368
      1301
      1354
      1356
      1314
      1277
      1330
      1378
      1302
      1247
      1335
      1397
      1323
      1271
      1348
      1354
      1260
      1343
      1337
      1355
      1386
      1329
      1291
      1356
      1369
      1361
      1339
      1307
      1381
      1369
      1345
      1386
      1330
      1351
      1364
      1291
      1368
      1413
      1352
      1284
      1335
      1336
      1363
      1380
      1402
      1338
      1383
      1417
      1368
      1383
      1323
      1361
      1422
      1409
      1485
      1403
      1432
      1368
      1370
      1494
      1425
      1439
      1418
      1363
      1441
      1399
      1396
      1386
      1474
      1485
      1455
      1444
      1412
      1351
      1413
      1442
      1464
      1519
      1438
      1409
      1460
      1491
      1448
      1412
      1467
      1368
      1470
      1445
      1448
      1448
      1422
      1515
      1458
      1460
      1462
      1471
      1488
      1520
      1492
      1521
      1503
      1505
      1522
      1494
      1478
      1407
      1504
      1451
      1422
      1444
      1497
      1464
      1402
      1422
      1537
      1480
      1480
      1449
      1490
      1529
      1464
      1448
      1562
      1460
      1596
      1526
      1460
      1471
      1442
      1479
      1470
      1521
      1511
      1476
      1572
      1584
      1560
      1558
      1537
      1563
      1510
      1536
      1511
      1523
      1511
      1591
      1516
      1565
      1544
      1531
      1547
      1533
      1463
      1584
      1485
      1541
      1575
      1488
      1513
      1533
      1525
      1552
      1548
      1560
      1600
      1578
      1569
      1546
      1587
      1593
      1514
      1571
      1649
      1561
      1589
      1531
      1584
      1620
      1523
      1483
      1583
      1567
      1580
      1595
      1552
      1562
      1683
      1607
      1656
      1569
      1596
      1651
      1637
      1640
      1626
      1605
      1589
      1599
      1675
      1606
      1558
      1518
      1600
      1614
      1611
      1583
      1613
      1582
      1551
      1575
      1634
      1553
      1493
      1520
      1534
      1573
      1550
      1558
      1491
      1539
      1510
      1514
      1565
      1495
      1489
      1471
      1546
      1406
      1429
      1416
      1423
      1399
      1409
      1412
      1363
      1379
      1324
      1325
      1388
      1359
      1306
      1357
      1273
      1348
      1240
      1264
      1298
      1257
      1223
      1185
      1269
      1224
      1197
      1237
      1185
      1165
      1101
      1177
      1215
      1130
      1117
      1120
      1172
      1095
      1075
      1148
      1152
      1068
      1093
      1057
      1122
      1084
      1103
      1109
      1026
      1052
      1055
      1061
      1074
      1054
      1044
      1034
      1075
      1066
      1031
      1012
      1081
      1053
      1067
       992
      1027
      1022
      1015
      1014
      1008
      1032
      1039
       985
      1056
      1013
      1006
       996
      1018
      1026
       984
      1008
      1059
       986
      1025
       975
       978
      1065
      1002
       954
       952
      1000
       982
       984
       913
       982
      1024
       932
       965
       985
       979
       992
       981
       975
       978
       990
       995
       985
       906
       985
      1001
       986
       966
       972
       988
       963
       963
       941
       975
       909
       938
       960
       926
       920
       938
       927
       972
       914
       875
       954
       897
       900
       872
       904
       908
       974
       897
       940
       914
       962
       922
       897
       977
       957
       958
       989
       979
       956
       925
       930
      1002
       962
       990
      1030
      1052
      1052
      1101
      1149
      1142
      1226
      1232
      1252
      1242
      1283
      1340
      1372
      1406
      1492
      1550
      1591
      1639
      1759
      1862
      1884
      1977
      2068
      2135
      2254
      2301
      2369
      2591
      2676
      2721
      2861
      2870
      3120
      3186
      3285
      3414
      3431
      3731
      3874
      4014
      4230
      4136
      4398
      4458
      4535
      4734
      4843
      5125
      5178
      5327
      5354
      5457
      5701
      5617
      5775
      5764
      5857
      6052
      6160
      6172
      6095
      6249
      6169
      6338
      6281
      6415
      6425
      6388
      6470
      6319
      6317
      6279
      6300
      6271
      6080
      6012
      6008
      5751
      5915
      5798
      5588
      5409
      5246
      5316
      5145
      5019
      4913
      4809
      4595
      4424
      4293
      4169
      3915
      3873
      3814
      3651
      3622
      3341
      3200
      3112
      2890
      2813
      2668
      2506
      2500
      2262
      2196
      2060
      2015
      1851
      1674
      1650
      1488
      1424
      1368
      1267
      1223
      1126
      1068
       975
       887
       904
       799
       726
       726
       620
       619
       550
       537
       525
       455
       459
       410
       404
       334
       363
       307
       301
       302
       279
       275
       287
       253
       244
       253
       256
       272
       262
       257
       258
       273
       281
       274
       302
       326
       330
       363
       415
       388
       394
       438
       468
       463
       550
       551
       610
       716
       725
       723
       811
       839
       877
       947
      1005
      1051
      1171
      1243
      1332
      1389
      1431
      1462
      1602
      1629
      1704
      1750
      1869
      1967
      1980
      2224
      2206
      2431
      2565
      2532
      2756
      2821
      2860
      3070
      3126
      3239
      3298
      3508
      3648
      3586
      3696
      3811
      3935
      4140
      4122
      4227
      4409
      4311
      4553
      4577
      4533
      4732
      4816
      4904
      4744
      5051
      4898
      4930
      5054
      5039
      5185
      5139
      5021
      5112
      5206
      5061
      4966
      5102
      5014
      5079
      4978
      4881
      4875
      4819
      4753
      4555
      4620
      4496
      4378
      4379
      4321
      4110
      4118
      4059
      3959
      3752
      3847
      3619
      3553
      3312
      3299
      3184
      3013
      2999
      2755
      2692
      2616
      2461
      2458
      2401
      2198
      2116
      2060
      1911
      1831
      1705
      1669
      1649
      1525
      1469
      1305
      1262
      1202
      1194
      1084
      1062
       899
       915
       801
       808
       738
       640
       632
       601
       540
       530
       450
       467
       374
       377
       337
       310
       327
       260
       232
       241
       225
       200
       162
       160
       155
       152
       128
       100
        99
       108
        89
        76
        73
        60
        60
        50
        47
        38
        37
        24
        35
        29
        24
        27
        16
        21
        21
        20
        17
         8
         7
         9
         9
         3
         9
        10
         4
         5
         4
         6
         6
         3
         3
        12
         5
         4
         4
         5
         3
         4
         4
         0
         4
         3
         5
         6
         2
         6
         4
         3
         5
         8
         1
         4
         8
         5
         3
         2
         2
         3
         5
         4
         3
         1
         2
         2
         3
         4
         8
         4
         2
         2
         4
         3
         1
         2
         8
         4
         4
         4
         1
         2
         2
         5
         4
         2
         1
         4
         4
         2
         4
         6
         2
         4
         6
         2
         2
         3
         3
         3
         3
         1
         5
         3
         3
         4
         2
         4
         3
         2
         4
         5
         4
         6
         5
         5
         1
         4
         5
         3
         5
         3
         6
         3
         3
         2
         3
         4
         1
         4
         2
         5
         6
         4
         3
         4
         4
         7
         2
         4
         2
         3
         4
         6
         2
         3
         2
         3
         4
         1
         2
         6
         6
         5
         2
         2
         3
         6
         5
         4
         3
         4
         7
         5
         4
         6
         4
         9
         4
         3
         3
         5
         4
         5
         1
         6
         2
         4
         6
         5
         7
         5
         6
         3
         4
         3
         7
         5
         7
         2
         2
         6
         6
         8
         3
         5
         6
         2
         5
         2
         3
         2
         6
         6
         3
         4
         4
         5
         2
         3
         9
         8
         8
         4
         4
         2
         5
         0
         4
         4
         4
         5
         2
         6
         1
         6
         4
         7
         4
         3
         4
         3
         1
         6
         4
         4
         5
         3
         5
         3
         1
         6
         2
         3
         4
         3
         3
         3
         3
         8
         6
         6
         5
         6
         7
         4
         7
         5
         8
         7
         4
         3
        10
         2
         4
         4
         3
         3
         2
         7
         5
         3
         4
         4
         1
         4
         4
         3
         4
         4
         5
         3
         4
         3
         2
         3
         3
         3
         1
         3
         4
         5
         3
         3
         2
         4
         2
         4
         1
         3
         4
         3
         4
         4
         5
         4
         1
         2
         6
         1
         5
         3
         5
         1
         4
         2
         6
         4
         1
         2
         1
         8
         2
         5
         6
         3
         4
         6
         2
         6
         3
         1
         1
         2
         3
         4
         2
         4
         5
         1
         2
         1
         6
         3
         5
         2
         3
         5
         3
         5
         3
         2
         6
         0
         4
         2
         5
         2
         4
         1
         4
         2
         6
         3
         5
         5
         6
         1
         0
         2
         6
         6
         4
         6
         3
         4
         1
         3
         2
         3
         5
         1
         2
         1
         2
         8
         4
         4
         2
         6
         4
         6
         9
         5
         3
         6
         2
         4
         1
         6
         2
         5
         3
         8
         1
         1
         6
         5
         8
         5
         4
         1
         4
         8
         2
         3
         6
         0
         2
         6
         4
         4
         4
         6
         1
         3
         6
         3
         3
         4
         2
         2
         4
         4
         5
         5
         1
         4
         4
         6
        11
         5
         1
         2
         3
         3
         5
         6
         1
         3
         6
         1
         2
         4
         5
         4
         4
         9
         6
         2
         3
         2
         3
         4
         6
         4
         3
         5
         5
         3
         3
         2
         2
         4
         5
         6
        11
         1
         5
         3
         3
         6
         5
         4
         5
         2
         4
         5
         6
         3
         2
         4
         2
         2
         5
         4
         2
         5
         6
         5
         4
         1
         2
         3
         2
         6
         1
         7
         5
         2
         3
         4
         3
         4
         6
         3
         5
         5
         2
         4
         3
         3
         6
         6
        10
         2
         5
         2
         2
         7
         2
         2
         2
         3
         6
         2
         6
         2
         5
         6
         6
         2
         2
         4
         1
         3
         2
         5
         2
         3
         5
         3
         6
         3
         4
         3
         1
         2
        12
         3
         3
         1
         4
         3
         5
         5
         4
         1
         4
         2
         9
         3
         3
         4
         4
         2
         2
         1
         2
         6
         5
         5
         4
         1
         4
         3
         3
         3
         2
         4
         2
         2
         3
         2
         3
         3
         5
         7
         3
         3
         2
         5
         6
         2
         1
         3
         3
         3
         3
         2
         1
         2
         6
         3
         7
         0
         3
         2
         4
         3
         4
         7
         2
         6
         7
         3
         3
         4
         2
         0
         3
         3
         2
         5
         3
         4
         3
         2
         0
         1
         5
         4
         4
         3
         6
         5
         2
         3
         0
         4
         3
         1
         1
         3
         3
         5
         5
         8
         1
         5
         3
         2
         5
         6
         2
         2
         3
         5
         3
         5
         2
         2
         5
         5
         3
         2
         4
         1
         1
         4
         4
         2
         2
         6
         1
         7
         3
         0
         4
         3
         3
         1
         3
         1
         2
         3
         2
         5
         2
         2
         3
         2
         4
         4
         0
         3
         1
         0
         3
         3
         1
         1
         3
         2
         2
         2
         1
         3
         3
         1
         3
         4
         1
         4
         1
         4
         2
         3
         1
         1
         2
         3
         1
         2
         4
         2
         2
         0
         1
         5
         4
         3
         2
         4
         0
         0
         3
         1
         3
         5
         2
         3
         4
         4
         6
         4
         1
         2
         4
         2
         2
         1
         4
         2
         5
         6
         1
         4
         3
         6
         4
         6
         2
         1
         1
         1
         5
         3
         5
         2
         2
         1
         2
         4
         3
         3
         2
         2
         4
         2
         3
         6
         5
         1
         2
         7
         7
         1
         4
         3
         3
         1
         2
         5
         9
         7
         5
         0
         6
         6
         2
         3
         2
         4
         5
         3
         3
         5
         3
         3
         5
         4
         6
         3
         5
         2
         3
         1
         2
         2
         1
         2
         2
         3
         3
         2
         1
         2
         5
         4
         3
         3
         4
         3
         0
         5
         4
         1
        10
         4
         1
         1
         3
         4
         6
         3
         2
         1
         6
         5
         1
         3
         3
         3
         2
         4
         4
         5
         4
         3
         3
         3
         1
         2
         5
         1
         1
         0
         3
         3
         1
         1
         8
         3
         0
         2
         1
         2
         2
         2
         0
         6
         0
         4
         0
         2
         3
         1
         0
         4
         1
         1
         0
         1
         3
         0
         1
         0
         0
         3
         0
         1
         1
         0
         3
         1
         2
         2
         4
         2
         3
         0
         1
         1
         1
         1
         0
         0
         1
         0
         0
         1
         2
         0
         1
         0
         0
         2
         0
         1
         1
         1
         0
         0
         2
         0
         0
         1
         2
         0
         1
         0
         2
         0
         2
         1
         1
         0
         0
         0
         1
         1
         0
         0
         2
         0
         0
         1
         0
         0
         1
         2
         4
         0
         0
         0
         0
         0
         0
         3
         0
         0
         0
         1
         0
         2
         0
         1
         0
         0
         1
         1
         2
         0
         0
         1
         0
         0
         2
         1
         1
         2
         1
         1
         1
         3
         2
         2
         4
         1
         1
         1
         1
         3
         2
         2
         0
         1
         6
         1
         2
         1
         3
         3
         2
         1
         3
         2
         6
         4
         2
         4
         4
         5
         3
         6
         2
         4
         0
         2
         3
         6
         5
         7
         6
         2
         3
         2
         4
         6
         4
         1
         3
         7
         3
         3
         4
         2
         7
         5
        10
         7
         8
         9
         8
         9
         4
         7
         4
         5
         5
        10
         8
         6
         7
         8
         7
         4
         8
         4
         8
         8
         5
         7
         5
        10
         8
         7
         6
         3
         3
         5
        15
         7
        10
         4
         2
         4
         8
         4
         3
         5
         5
         8
        10
         5
         3
         5
         6
         6
         7
         5
         3
         9
         8
         6
         4
         4
         3
         4
         6
         8
         2
         4
         4
         7
         1
         1
        10
         3
         8
         3
         4
         5
         3
         7
         4
         3
         5
         2
         2
         2
         2
         3
         4
         0
         4
         1
         1
         4
         1
         3
         0
         1
         1
         3
         1
         1
         2
         2
         5
         2
         0
         0
         3
         2
         1
         1
         0
         2
         0
         1
         2
         2
         1
         0
         1
         1
         2
         1
         1
         0
         0
         1
         2
         1
         0
         0
         1
         0
         0
         0
         0
         0
         0
         1
         0
         0
         1
         0
         0
         1
         0
         0
         0
         0
         0
         0
         0
         0
         0
         0
         0
         0
         0
         1
         0
         1
         0
         0
         0
         0
         0
         0
         0
         0
         0
         0
         0
         0
         0
         0
         0
         0
         0
         0
         0
         0
         0
         0
         0
         0
         0
         0
         0
         0
         0
         0
         0
         0
         0
         0
         0
         0
         0
         0
         0
         0
         0
         0
         0
         0
         0
         0
         0
         0
         0
         0
         0
         0
         0
         0
         0
         0
         0
         0
         0
         0
         0
         0
         0
         0
         0
         0
         0
         0
         0
         0
         0
         0
         0
         0
         0
         0
         0
         0
         0
         0
         0
         0
         0
         0
         0
         0
         0
         0
         0
         0
         0
         0
         0
         0
         0
         0
         0
         0
         0
         0
         0
         0
         0
         0
         0
         0
         0
         0
         0
         0
         0
         0
         0
         0
         0
         0
         0
         0
         0
         0
         0
         0
         0
         0
         0
         0
         0
         0
         0
         0
         0
         0
         0
         0
         0
         0
         0
         0
         0
         0
         0
         0
         0
         0
         0
         0
         0
         0
         0
         0
         0
         0
         0
         0
         0
         0
         0
         0
         0
         0
         0
         0
         0
         0
         0
         0
         0
         0
         0
         0
         0
         0
         0
         0
         0
         0
         0
         0
         0
         0
         0
         0
         0
         0
         0
         0
         0
         0
         0
         0
         0
         0
         0
         0
         0
         0
         0
         0
         0
         0
         0
         0
         0
         0
         0
         0
         0
         0
         0
         0
         0
         0
         0
         0
         0
         0
         0
         0
         0
         0
         0
         0
         0
         0
         0
         0
         0
         0
         0
         0
         0
         0
         0
         0
         0
         0
         0
         0
         0
         0
         0
         0
         0
         0
         0
         0
         0
         0
         0
         0
         0
         0
         0
         0
         0
         0
         0
         0
         0
         0
         0
         0
         0
         0
         0
         0
         0
         0
         0
         0
         0
         0
         0
         0
         0
         0
         0
         0
         0
         0
         0
         0
         0
         0
         0
         0
         0
         0
         0
         0
         0
         0
         0
         0
         0
         0
         0
         0
         0
         0
         0
         0
         0
         0
         0
         0
         0
         0
         0
         0
         0
         0
         0
         0
         0
         0
         0
         0
         0
         0
         0
         0
         0
         0
         0
         0
         0
         0
         0
         0
         0
         0
         0
         0
         0
         0
         0
         0
         0
         0
         0
         0
         0
         0
         0
         0
         0
         0
         0
         0
         0
         0
         0
         0
         0
         0
         0
         0
         0
         0
         0
         0
         0
         0
         0
         0
