         0
         0
         0
         0
         0
         0
         0
         0
         0
         0
      1054
      1016
      1061
      1069
      1165
      1129
      1143
      1159
      1082
      1094
       992
      1015
       986
      1080
      1148
      1112
      1109
      1209
      1203
      1176
      1222
      1089
      1193
      1212
      1224
      1198
      1075
      1197
      1143
      1137
      1128
      1153
      1086
      1154
      1081
      1092
      1151
      1076
      1110
      1100
      1085
      1130
      1084
      1130
      1065
      1130
      1169
      1187
      1199
      1237
      1191
      1224
      1180
      1108
      1187
      1194
      1130
      1150
      1167
      1207
      1224
      1127
      1145
      1190
      1137
      1117
      1179
      1120
      1142
      1117
      1140
      1166
      1178
      1155
      1153
      1119
      1127
      1137
      1151
      1212
      1119
      1234
      1212
      1175
      1262
      1232
      1278
      1172
      1185
      1215
      1167
      1167
      1197
      1183
      1188
      1239
      1196
      1222
      1204
      1215
      1186
      1264
      1224
      1186
      1269
      1225
      1249
      1257
      1231
      1195
      1275
      1215
      1130
      1243
      1238
      1240
      1280
      1251
      1275
      1182
      1260
      1240
      1309
      1216
      1274
      1252
      1221
      1266
      1253
      1268
      1277
      1267
      1277
      1279
      1261
      1262
      1261
      1229
      1282
      1245
      1264
      1237
      1245
      1230
      1201
      1212
      1236
      1224
      1254
      1196
      1208
      1164
      1217
      1160
      1234
      1176
      1224
      1202
      1240
      1140
      1175
      1147
      1230
      1230
      1240
      1233
      1222
      1221
      1183
      1220
      1272
      1277
      1124
      1209
      1199
      1248
      1230
      1293
      1214
      1227
      1257
      1275
      1331
      1174
      1241
      1207
      1321
      1335
      1323
      1343
      1349
      1331
      1435
      1348
      1343
      1418
      1472
      1493
      1497
      1563
      1529
      1550
      1576
      1605
      1610
      1579
      1613
      1651
      1685
      1637
      1744
      1682
      1681
      1717
      1627
      1724
      1723
      1745
      1718
      1669
      1764
      1738
      1685
      1733
      1686
      1705
      1676
      1687
      1671
      1645
      1568
      1666
      1641
      1664
      1666
      1591
      1699
      1709
      1619
      1609
      1540
      1600
      1634
      1591
      1638
      1604
      1612
      1617
      1555
      1561
      1601
      1571
      1536
      1562
      1544
      1508
      1499
      1649
      1610
      1586
      1563
      1552
      1552
      1541
      1523
      1537
      1528
      1494
      1497
      1519
      1516
      1479
      1551
      1480
      1575
      1513
      1526
      1520
      1490
      1496
      1507
      1486
      1418
      1515
      1496
      1518
      1504
      1552
      1499
      1555
      1536
      1463
      1468
      1424
      1445
      1411
      1530
      1490
      1520
      1491
      1498
      1512
      1441
      1503
      1439
      1358
      1516
      1363
      1449
      1395
      1421
      1433
      1388
      1387
      1387
      1414
      1416
      1364
      1382
      1390
      1404
      1352
      1323
      1446
      1366
      1331
      1335
      1306
      1429
      1331
      1344
      1347
      1371
      1356
      1360
      1378
      1379
      1333
      1327
      1281
      1348
      1367
      1315
      1332
      1377
      1271
      1347
      1363
      1359
      1356
      1330
      1370
      1337
      1315
      1320
      1309
      1426
      1306
      1336
      1293
      1300
      1291
      1282
      1307
      1334
      1320
      1351
      1311
      1285
      1360
      1308
      1381
      1268
      1392
      1399
      1308
      1346
      1342
      1289
      1354
      1349
      1384
      1363
      1361
      1351
      1352
      1340
      1376
      1300
      1321
      1364
      1293
      1362
      1338
      1384
      1361
      1261
      1372
      1338
      1274
      1380
      1342
      1283
      1316
      1250
      1216
      1267
      1312
      1318
      1329
      1271
      1353
      1289
      1336
      1318
      1289
      1292
      1294
      1317
      1264
      1316
      1260
      1278
      1273
      1319
      1299
      1340
      1303
      1287
      1250
      1299
      1320
      1307
      1284
      1291
      1282
      1300
      1277
      1259
      1247
      1294
      1265
      1298
      1292
      1299
      1193
      1314
      1293
      1214
      1214
      1232
      1280
      1263
      1288
      1252
      1144
      1316
      1258
      1262
      1329
      1233
      1185
      1276
      1267
      1275
      1306
      1234
      1257
      1228
      1251
      1320
      1241
      1290
      1237
      1234
      1229
      1228
      1244
      1269
      1209
      1240
      1261
      1214
      1239
      1203
      1214
      1253
      1178
      1226
      1192
      1242
      1276
      1181
      1229
      1235
      1236
      1238
      1203
      1245
      1277
      1208
      1231
      1268
      1209
      1230
      1269
      1213
      1215
      1266
      1281
      1262
      1272
      1304
      1238
      1284
      1245
      1198
      1190
      1252
      1185
      1198
      1185
      1203
      1235
      1219
      1280
      1250
      1214
      1270
      1256
      1256
      1260
      1258
      1282
      1205
      1266
      1192
      1211
      1238
      1256
      1205
      1266
      1255
      1255
      1305
      1221
      1208
      1197
      1213
      1173
      1250
      1282
      1268
      1188
      1244
      1204
      1214
      1213
      1161
      1189
      1191
      1228
      1167
      1215
      1266
      1254
      1232
      1277
      1254
      1281
      1185
      1162
      1315
      1349
      1211
      1256
      1190
      1240
      1197
      1221
      1220
      1244
      1206
      1231
      1176
      1213
      1246
      1193
      1210
      1257
      1225
      1257
      1204
      1211
      1194
      1309
      1275
      1196
      1232
      1231
      1241
      1175
      1191
      1225
      1230
      1162
      1201
      1223
      1291
      1197
      1167
      1259
      1208
      1231
      1271
      1234
      1201
      1186
      1209
      1255
      1315
      1208
      1245
      1201
      1245
      1301
      1295
      1268
      1280
      1280
      1238
      1286
      1307
      1295
      1276
      1265
      1275
      1332
      1306
      1424
      1318
      1312
      1277
      1313
      1353
      1284
      1280
      1293
      1274
      1280
      1255
      1281
      1262
      1281
      1273
      1294
      1274
      1292
      1337
      1315
      1315
      1302
      1320
      1266
      1355
      1304
      1269
      1269
      1328
      1272
      1287
      1326
      1275
      1289
      1395
      1289
      1308
      1254
      1314
      1284
      1332
      1330
      1310
      1296
      1278
      1310
      1322
      1314
      1262
      1286
      1361
      1375
      1285
      1293
      1317
      1367
      1298
      1253
      1348
      1291
      1260
      1388
      1348
      1280
      1290
      1319
      1388
      1364
      1358
      1282
      1319
      1313
      1309
      1305
      1320
      1310
      1355
      1334
      1316
      1343
      1329
      1351
      1345
      1366
      1296
      1313
      1229
      1312
      1335
      1363
      1327
      1340
      1299
      1403
      1346
      1383
      1318
      1382
      1280
      1367
      1344
      1382
      1342
      1374
      1383
      1355
      1327
      1386
      1433
      1367
      1425
      1299
      1312
      1322
      1432
      1327
      1385
      1380
      1406
      1367
      1357
      1356
      1418
      1378
      1424
      1346
      1355
      1404
      1418
      1421
      1323
      1337
      1345
      1405
      1428
      1419
      1375
      1471
      1351
      1432
      1458
      1379
      1409
      1465
      1426
      1474
      1380
      1428
      1357
      1469
      1433
      1398
      1423
      1477
      1456
      1476
      1446
      1472
      1485
      1485
      1493
      1408
      1437
      1473
      1412
      1429
      1439
      1451
      1530
      1421
      1468
      1442
      1520
      1452
      1467
      1409
      1477
      1492
      1449
      1510
      1530
      1486
      1506
      1472
      1446
      1520
      1512
      1494
      1437
      1508
      1506
      1533
      1434
      1492
      1514
      1499
      1548
      1424
      1507
      1456
      1469
      1466
      1416
      1429
      1459
      1508
      1449
      1475
      1541
      1514
      1513
      1503
      1440
      1516
      1495
      1550
      1521
      1466
      1525
      1460
      1448
      1509
      1534
      1478
      1521
      1489
      1508
      1519
      1493
      1542
      1483
      1512
      1486
      1528
      1541
      1518
      1548
      1567
      1596
      1558
      1569
      1467
      1498
      1517
      1528
      1593
      1598
      1602
      1623
      1534
      1532
      1587
      1617
      1602
      1597
      1590
      1500
      1544
      1567
      1550
      1602
      1590
      1595
      1597
      1630
      1608
      1570
      1601
      1546
      1560
      1582
      1535
      1590
      1592
      1578
      1588
      1565
      1516
      1643
      1535
      1584
      1658
      1584
      1597
      1566
      1539
      1595
      1564
      1529
      1644
      1573
      1546
      1581
      1612
      1519
      1497
      1534
      1526
      1513
      1467
      1527
      1478
      1453
      1425
      1424
      1425
      1483
      1430
      1327
      1361
      1390
      1378
      1451
      1397
      1342
      1280
      1333
      1301
      1313
      1228
      1352
      1231
      1300
      1267
      1246
      1232
      1261
      1197
      1167
      1214
      1160
      1172
      1157
      1179
      1182
      1107
      1131
      1090
      1109
      1130
      1126
      1072
      1105
      1177
      1109
      1052
      1060
      1107
      1078
      1031
      1089
      1073
      1046
      1099
      1057
      1028
      1058
      1055
      1060
      1066
      1023
      1031
       985
      1021
       989
      1042
      1032
       992
      1084
      1043
      1021
       978
      1061
       968
      1052
      1042
      1029
       996
      1027
       988
       928
       986
      1002
       968
      1028
       979
       995
      1051
      1006
       990
      1033
      1047
       949
      1033
       986
       925
       929
       963
       989
       955
      1000
       965
      1009
       996
       967
       968
       913
       957
       961
       980
       979
      1009
      1009
       935
       932
       939
       972
       995
       939
      1012
       943
       946
       917
       930
       953
       931
       920
       968
       945
       936
       906
       964
       943
       973
       863
       916
       942
       876
       887
       910
       984
       896
       887
       893
       920
       910
       952
       899
       963
       953
       930
       998
      1016
       976
      1013
      1051
       976
      1057
      1015
      1104
      1080
      1119
      1165
      1246
      1230
      1176
      1204
      1356
      1384
      1370
      1471
      1498
      1621
      1638
      1755
      1775
      1855
      1947
      1932
      2096
      2226
      2298
      2383
      2427
      2554
      2633
      2717
      2808
      3043
      3179
      3173
      3380
      3445
      3630
      3741
      3934
      3953
      4204
      4191
      4411
      4442
      4545
      4582
      4814
      4911
      4957
      5071
      5377
      5306
      5536
      5562
      5572
      5798
      5863
      5799
      5952
      5942
      6054
      6003
      6047
      6140
      6221
      6114
      6079
      6156
      6093
      5987
      6043
      6168
      5889
      5905
      5876
      5780
      5713
      5618
      5417
      5330
      5385
      5088
      5027
      5104
      4796
      4638
      4675
      4477
      4289
      4033
      4130
      3840
      3810
      3635
      3424
      3225
      3136
      3027
      2978
      2800
      2726
      2582
      2443
      2349
      2213
      2057
      1928
      1943
      1756
      1649
      1576
      1455
      1405
      1375
      1260
      1109
      1077
       996
       977
       835
       829
       756
       749
       691
       633
       598
       529
       502
       529
       445
       429
       422
       432
       377
       322
       309
       283
       310
       301
       263
       304
       244
       279
       242
       273
       282
       281
       267
       267
       304
       271
       311
       302
       348
       344
       374
       416
       396
       382
       460
       484
       514
       551
       567
       594
       658
       691
       737
       749
       843
       842
       923
       957
      1048
      1093
      1128
      1287
      1307
      1350
      1416
      1471
      1587
      1721
      1772
      1850
      1899
      1967
      2075
      2127
      2378
      2466
      2543
      2570
      2718
      2858
      2911
      3014
      3032
      3190
      3382
      3421
      3499
      3650
      3723
      3770
      3897
      3988
      4131
      4087
      4246
      4208
      4397
      4417
      4389
      4555
      4596
      4638
      4673
      4782
      4863
      4877
      4930
      4922
      4831
      4807
      4991
      4958
      4836
      4901
      4858
      4743
      4735
      4875
      4652
      4666
      4575
      4626
      4578
      4432
      4384
      4270
      4153
      4082
      3954
      3944
      3872
      3803
      3686
      3572
      3479
      3426
      3207
      3218
      3038
      2984
      2884
      2651
      2628
      2560
      2354
      2403
      2270
      2110
      2066
      1958
      1859
      1823
      1679
      1638
      1560
      1431
      1308
      1290
      1265
      1083
      1033
      1025
       962
       870
       858
       762
       779
       706
       651
       679
       538
       494
       479
       450
       411
       377
       364
       333
       322
       291
       268
       233
       205
       199
       187
       171
       136
       132
       123
       111
        81
        94
        95
        92
        66
        69
        64
        50
        58
        38
        39
        30
        30
        40
        22
        22
        24
        11
        17
        20
        14
        17
        12
        14
        14
        10
        13
         6
        13
        11
        14
         6
         9
         8
         6
         8
        11
        10
         7
         6
         6
         6
         5
         4
         5
         4
         9
         2
         3
         6
        10
         6
         4
         4
         4
         1
         4
         4
         6
         4
         3
         5
         5
         6
         6
         4
         5
         4
         8
         2
         2
         4
         3
         4
         2
         5
         4
         5
         3
         3
         7
         3
         3
         3
         2
         5
         4
         0
         7
         4
         6
         3
         6
         5
         2
         3
         4
         7
         1
         1
         3
         5
         5
         3
         4
         3
         3
         3
         5
         3
         3
         2
         8
         2
         2
         4
         8
         4
         2
         7
         7
         7
         6
         2
         4
         6
         2
        10
         5
         3
         5
         7
         6
         5
         3
         1
         7
         3
         8
         1
         2
         7
         2
         4
         8
         5
         2
         1
         4
         3
         1
         6
         3
         3
         2
         3
         4
         7
         3
         1
         4
         7
         4
         3
         1
         3
         4
         4
         5
         3
         6
         3
         5
         3
         6
         4
         5
         1
         4
         1
         3
         5
         2
         1
         4
         8
         4
         5
         1
         3
         4
         9
         5
         6
         3
         5
         4
         8
         5
         5
         1
         5
         5
         1
         4
         2
         3
         5
         2
         4
         7
         7
         7
         6
         2
         3
         6
         3
         6
         3
         2
         3
         3
         2
         5
         5
         7
         5
         6
         3
         1
         8
         2
         2
         3
         4
         3
         3
         2
         3
         6
         6
         6
         2
         5
         3
         2
         2
         7
         3
         6
         5
         2
         4
         3
         1
         4
         6
         4
         5
         6
         9
         4
         2
         5
         5
         4
         3
         4
         1
         5
         3
         5
         3
         4
         3
         4
         2
         2
         7
         4
         1
         6
         7
         2
         6
         1
         3
         5
         6
         1
         5
         5
         3
         3
         6
         2
         8
         3
         5
         3
         1
         3
         4
         3
         5
         2
         4
         1
         6
         2
         2
         2
         5
         3
         2
         2
         3
         1
         2
         4
         1
         3
         4
         4
         2
         4
         5
         3
         2
         3
         6
         5
         1
         3
         0
         3
         1
         3
         5
         3
         0
         1
         3
         2
         3
         8
         6
         3
         3
         4
         2
         3
         2
         5
         2
         3
         3
         5
         2
         4
         2
         1
         3
         3
         2
         7
         1
         5
         6
         2
         5
         2
         5
         3
         6
         1
         5
         1
         3
         2
         3
         4
         1
         3
         3
         2
         2
         3
         4
         1
         6
         5
         2
         3
         1
         5
         2
         3
         4
         1
         5
         1
         3
         3
         3
         0
         3
         6
         3
         2
         2
         5
         4
         5
         6
         5
         3
         6
         4
         7
         1
         3
         3
         5
         2
         2
         4
         5
         1
         5
         5
         5
         3
         7
         2
         5
         6
         3
         6
         1
         3
         1
         3
         4
         2
         2
         5
         4
         5
         1
         7
         2
         4
         4
         4
         0
         3
         0
         2
         3
         8
         3
         3
         5
         2
         2
         1
         1
         2
         1
         2
         5
         6
         3
         2
         4
         2
         5
         6
         5
         2
         3
         7
         1
         3
         3
         2
         5
         4
         5
         4
         4
         4
         2
         4
         8
         2
         2
         2
         3
         4
         2
         2
         4
         3
         4
         4
         3
         3
         3
         3
         3
         3
         1
         2
         4
         1
         3
         1
         1
         3
         6
         3
         3
         1
         3
         4
         2
         4
         5
         4
         6
         7
         3
         4
         2
         6
         3
         2
         4
         6
         3
         6
         4
         4
         5
         3
         6
         4
         5
         2
         1
         2
         3
         3
         3
         3
         1
         3
         3
         6
         3
         3
         5
         5
         2
         1
         4
         5
         7
         5
         5
         3
         3
         5
         5
         3
         6
         2
         4
         2
         2
         1
         4
         1
         0
         4
         4
         3
         3
         2
         2
         1
         2
         5
         1
         1
         4
         4
         3
         4
         5
         4
         3
         4
         3
         1
         4
         3
         2
         4
         2
         1
         2
         4
         2
         6
         3
         6
         3
         5
         2
         2
         3
         2
         3
         7
         5
         1
         5
         2
         1
         2
         2
         2
         0
         4
         4
         4
         1
         0
         4
         5
         4
         4
         6
         3
         6
         1
         3
         1
         5
         6
         8
         4
         5
         2
         2
         3
         1
         7
         5
         4
         2
         0
         5
         2
         1
         0
         5
         1
         3
         2
         4
         1
         3
         4
         3
         4
         0
         3
         4
         3
         3
         3
         2
         4
         5
         1
         3
         2
         3
         1
         3
         2
         3
         3
         3
         3
         2
         4
         3
         3
         2
         2
         4
         0
         5
         0
         1
         4
         4
         1
         2
         2
         5
         0
         2
         5
         2
         4
         2
         3
         4
         2
         0
         6
         2
         2
         1
         5
         2
         1
         3
         1
         1
         2
         0
         1
         3
         3
         3
         3
         3
         3
         6
         4
         1
         1
         2
         0
         4
         3
         3
         2
         4
         4
         1
         2
         3
         2
         1
         0
         2
         3
         0
         1
         4
         6
         4
         2
         5
         4
         1
         5
         3
         2
         3
         2
         0
         0
         0
         0
         1
         5
         3
         2
         1
         1
         3
         4
         2
         3
         3
         2
         4
         4
         3
         4
         4
         0
         5
         3
         3
         2
         2
         5
         3
         6
         5
         1
         3
         5
         4
         4
         4
         1
         1
         4
         4
         3
         3
         7
         2
         3
         2
         1
         2
         4
         0
         5
         2
         5
         3
         3
         3
         5
         4
         6
         7
         3
         3
         5
         3
         2
         5
         1
         0
         3
         3
         3
         2
         3
         2
         1
         1
         4
         4
         1
         1
         3
         1
         4
         2
         4
         5
         2
         4
         2
         3
         2
         4
         2
         4
         4
         1
         2
         1
         5
         1
         0
         3
         2
         3
         5
         5
         1
         0
         2
         4
         0
         0
         3
         0
         3
         1
         0
         0
         1
         1
         2
         4
         2
         1
         0
         0
         2
         1
         0
         0
         1
         1
         1
         3
         1
         3
         2
         0
         0
         0
         1
         0
         1
         2
         1
         4
         0
         1
         0
         0
         0
         1
         0
         1
         0
         0
         1
         0
         1
         1
         2
         0
         2
         0
         0
         1
         0
         0
         2
         1
         0
         1
         0
         0
         0
         1
         1
         2
         1
         1
         0
         3
         0
         2
         1
         1
         2
         1
         0
         0
         0
         0
         2
         0
         1
         0
         1
         0
         2
         1
         4
         1
         1
         1
         1
         0
         4
         3
         1
         2
         3
         0
         3
         0
         2
         2
         2
         2
         1
         0
         0
         3
         2
         2
         1
         4
         1
         3
         0
         3
         2
         0
         1
         4
         1
         1
         3
         1
         5
         1
         3
         4
         3
         2
         0
         4
         2
         3
         0
         2
         1
         4
         6
         2
         3
         4
         5
         4
         1
         1
         2
         2
         1
         3
         2
         7
         2
         5
         5
         4
         4
         7
         5
         3
         7
         5
         4
         1
         5
         2
         4
         5
         2
         3
         4
         5
         5
         2
         7
         6
         2
         0
         3
         6
         6
         6
         9
         7
         9
         9
         5
         5
         7
        10
         2
         7
         5
         6
         7
         8
         7
         9
         9
         2
         4
         5
         6
         9
         7
         5
         6
         7
         5
        13
         4
         9
         3
         8
         4
         3
         8
         4
         5
         7
         7
         4
         5
         8
        11
         4
         4
         7
         2
         6
         4
         6
         7
         2
         3
         1
         5
         3
         5
         3
         3
         1
         4
         2
         4
         5
         3
         1
         3
         5
         3
         4
         0
         2
         5
         2
         2
         4
         1
         1
         2
         1
         3
         1
         1
         2
         2
         4
         2
         2
         2
         0
         1
         3
         0
         4
         3
         1
         1
         3
         1
         0
         2
         0
         1
         3
         0
         1
         3
         2
         0
         0
         1
         1
         0
         0
         1
         1
         0
         2
         0
         0
         1
         1
         0
         0
         0
         0
         1
         0
         0
         1
         0
         0
         0
         0
         0
         0
         0
         0
         0
         0
         0
         0
         0
         0
         0
         0
         0
         0
         0
         0
         0
         0
         0
         0
         0
         0
         0
         1
         0
         0
         0
         0
         0
         0
         0
         0
         0
         0
         0
         0
         0
         0
         0
         0
         0
         0
         0
         0
         0
         0
         0
         0
         0
         0
         0
         0
         0
         0
         0
         0
         0
         0
         0
         0
         0
         0
         0
         0
         0
         0
         0
         0
         0
         0
         0
         0
         0
         0
         0
         0
         0
         0
         0
         0
         0
         0
         0
         0
         0
         0
         0
         0
         0
         0
         0
         0
         0
         0
         0
         0
         0
         0
         0
         0
         0
         0
         0
         0
         0
         0
         0
         0
         0
         0
         0
         0
         0
         0
         0
         0
         0
         0
         0
         0
         0
         0
         0
         0
         0
         0
         0
         0
         0
         0
         0
         0
         0
         0
         0
         0
         0
         0
         0
         0
         0
         0
         0
         0
         0
         0
         0
         0
         0
         0
         0
         0
         0
         0
         0
         0
         0
         0
         0
         0
         0
         0
         0
         0
         0
         0
         0
         0
         0
         0
         0
         0
         0
         0
         0
         0
         0
         0
         0
         0
         0
         0
         0
         0
         0
         0
         0
         0
         0
         0
         0
         0
         0
         0
         0
         0
         0
         0
         0
         0
         0
         0
         0
         0
         0
         0
         0
         0
         0
         0
         0
         0
         0
         0
         0
         0
         0
         0
         0
         0
         0
         0
         0
         0
         0
         0
         0
         0
         0
         0
         0
         0
         0
         0
         0
         0
         0
         0
         0
         0
         0
         0
         0
         0
         0
         0
         0
         0
         0
         0
         0
         0
         0
         0
         0
         0
         0
         0
         0
         0
         0
         0
         0
         0
         0
         0
         0
         0
         0
         0
         0
         0
         0
         0
         0
         0
         0
         0
         0
         0
         0
         0
         0
         0
         0
         0
         0
         0
         0
         0
         0
         0
         0
         0
         0
         0
         0
         0
         0
         0
         0
         0
         0
         0
         0
         0
         0
         0
         0
         0
         0
         0
         0
         0
         0
         0
         0
         0
         0
         0
         0
         0
         0
         0
         0
         0
         0
         0
         0
         0
         0
         0
         0
         0
         0
         0
         0
         0
         0
         0
         0
         0
         0
         0
         0
         0
         0
         0
         0
         0
         0
         0
         0
         0
         0
         0
         0
         0
         0
         0
         0
         0
         0
         0
         0
         0
         0
         0
         0
         0
         0
         0
         0
         0
         0
         0
