         0
         0
         0
         0
         0
         0
         0
         0
         0
         0
      1099
      1188
      1169
      1254
      1199
      1137
      1097
      1053
      1131
      1153
      1203
      1129
      1092
      1104
      1025
      1066
      1035
      1026
      1086
      1063
      1065
      1067
      1105
      1044
      1144
      1123
      1127
      1137
      1149
      1157
      1178
      1143
      1189
      1142
      1235
      1206
      1194
      1155
      1159
      1151
      1122
      1142
      1146
      1110
      1127
      1130
      1134
      1134
      1064
      1159
      1100
      1135
      1131
      1164
      1179
      1128
      1192
      1208
      1206
      1228
      1198
      1281
      1274
      1213
      1233
      1230
      1277
      1203
      1260
      1303
      1276
      1288
      1309
      1385
      1341
      1353
      1352
      1408
      1409
      1516
      1487
      1490
      1481
      1576
      1568
      1546
      1605
      1656
      1621
      1704
      1702
      1727
      1811
      1769
      1854
      1825
      1882
      1864
      1924
      1968
      2034
      1996
      2073
      2110
      2085
      2106
      2265
      2174
      2273
      2336
      2312
      2357
      2343
      2254
      2481
      2372
      2404
      2534
      2531
      2471
      2530
      2520
      2580
      2674
      2561
      2576
      2591
      2731
      2626
      2716
      2687
      2633
      2596
      2685
      2645
      2729
      2662
      2708
      2784
      2775
      2777
      2807
      2734
      2789
      2705
      2762
      2826
      2836
      2792
      2757
      2846
      2785
      2890
      2854
      2846
      2877
      2775
      2822
      2855
      2873
      2870
      2845
      2916
      2850
      2758
      2776
      2874
      2834
      2899
      2832
      2826
      2853
      2867
      2901
      2944
      2896
      2997
      2951
      2970
      2922
      2922
      2983
      2826
      2864
      2840
      2995
      2959
      2941
      2860
      2954
      3014
      2891
      2958
      3043
      2920
      2990
      2946
      2959
      2889
      2862
      3013
      2991
      2983
      3061
      3005
      3007
      2988
      2927
      2982
      2978
      3017
      2968
      3060
      2964
      2988
      2969
      2921
      2961
      3052
      2946
      2917
      3080
      2905
      2904
      2855
      2895
      2829
      2891
      2911
      2980
      2801
      2930
      2842
      2816
      2747
      2721
      2778
      2725
      2728
      2713
      2732
      2603
      2740
      2728
      2721
      2644
      2638
      2572
      2552
      2690
      2549
      2586
      2584
      2640
      2584
      2527
      2532
      2477
      2559
      2470
      2500
      2496
      2468
      2435
      2574
      2492
      2470
      2545
      2401
      2437
      2592
      2491
      2487
      2463
      2498
      2447
      2468
      2400
      2384
      2389
      2462
      2396
      2334
      2369
      2457
      2344
      2332
      2433
      2317
      2461
      2327
      2288
      2379
      2270
      2368
      2316
      2234
      2281
      2273
      2231
      2176
      2261
      2312
      2262
      2206
      2229
      2136
      2183
      2224
      2179
      2231
      2119
      2241
      2158
      2178
      2159
      2183
      2268
      2205
      2227
      2062
      2129
      2065
      2123
      2052
      2101
      2095
      2022
      2087
      2057
      1962
      2137
      2013
      1897
      2040
      2141
      2072
      2047
      2094
      1989
      2050
      1996
      2027
      1991
      1911
      1985
      1931
      1996
      1999
      2024
      1948
      1966
      1981
      1942
      1958
      2046
      1993
      1915
      1861
      1920
      1931
      1901
      1895
      1888
      1863
      1893
      1910
      1871
      1934
      1914
      1903
      1872
      1874
      1906
      1904
      1760
      1856
      1806
      1851
      1885
      1802
      1833
      1764
      1781
      1822
      1823
      1860
      1793
      1905
      1746
      1887
      1765
      1733
      1749
      1738
      1720
      1770
      1799
      1774
      1753
      1722
      1663
      1658
      1784
      1641
      1692
      1737
      1676
      1587
      1648
      1689
      1654
      1656
      1667
      1608
      1636
      1650
      1540
      1569
      1641
      1565
      1644
      1621
      1655
      1628
      1541
      1680
      1595
      1519
      1594
      1583
      1594
      1508
      1528
      1556
      1524
      1598
      1494
      1590
      1553
      1543
      1593
      1553
      1472
      1485
      1511
      1511
      1408
      1455
      1533
      1531
      1439
      1546
      1471
      1451
      1415
      1507
      1505
      1419
      1480
      1391
      1448
      1462
      1455
      1505
      1450
      1368
      1466
      1478
      1388
      1397
      1446
      1456
      1400
      1439
      1404
      1422
      1460
      1457
      1387
      1456
      1518
      1371
      1334
      1441
      1460
      1422
      1414
      1373
      1434
      1430
      1412
      1407
      1482
      1371
      1396
      1368
      1363
      1403
      1424
      1375
      1393
      1402
      1474
      1390
      1403
      1424
      1436
      1398
      1309
      1337
      1350
      1383
      1325
      1332
      1315
      1250
      1325
      1292
      1346
      1265
      1302
      1329
      1332
      1261
      1234
      1277
      1349
      1287
      1276
      1266
      1321
      1325
      1249
      1289
      1253
      1290
      1287
      1268
      1216
      1224
      1253
      1213
      1229
      1274
      1234
      1194
      1224
      1274
      1220
      1183
      1201
      1287
      1180
      1234
      1224
      1265
      1325
      1270
      1236
      1223
      1189
      1176
      1188
      1226
      1148
      1198
      1211
      1187
      1239
      1237
      1197
      1214
      1123
      1172
      1175
      1245
      1188
      1201
      1222
      1195
      1136
      1173
      1105
      1105
      1157
      1184
      1161
      1189
      1135
      1176
      1166
      1079
      1169
      1146
      1146
      1110
      1131
      1098
      1150
      1083
      1161
      1123
      1037
      1115
      1087
      1112
      1135
      1071
      1096
      1084
      1152
      1173
      1092
      1085
      1118
      1119
      1116
      1130
      1109
      1108
      1101
      1140
      1050
      1073
      1062
      1102
      1147
      1039
      1091
      1078
      1160
      1110
      1101
      1088
      1062
      1095
      1087
      1089
      1026
      1127
      1107
      1088
      1042
      1065
      1084
      1114
      1073
      1093
      1051
      1003
      1077
      1054
      1089
      1111
      1039
      1045
      1081
      1006
      1099
      1013
      1080
      1002
      1069
      1058
      1059
      1017
      1044
      1034
      1024
       982
      1064
      1048
      1061
      1042
      1060
      1062
      1073
      1050
      1025
      1036
      1093
      1077
      1122
      1017
      1033
      1041
       996
      1048
      1108
      1005
      1004
       982
      1003
       995
       943
      1058
      1005
       960
       944
      1007
      1053
       961
       990
       954
       982
       957
       946
       991
       958
      1009
       958
      1022
      1000
      1008
       934
      1008
       994
      1033
       963
      1011
       960
       910
      1023
       966
       992
      1008
      1025
       930
       956
       919
       925
      1019
       984
      1017
       935
       966
       952
       991
       926
      1015
       987
       942
       955
       957
       995
       987
       998
      1009
       941
       966
       923
       949
       925
       997
       971
       996
       923
      1063
       963
       947
       990
       966
       979
       964
       968
       975
       913
       979
       974
       981
       972
       925
       912
       953
       885
       967
       943
       880
       968
       902
       913
       961
       903
       932
       930
       947
       941
       913
       922
       927
       936
       911
       953
       924
       968
       864
       926
       952
       915
       916
       908
       933
       909
       867
       918
       913
       928
       914
       897
       947
       924
       916
       963
       926
       895
       905
       955
       906
       921
       929
       920
       929
       945
       913
       940
       955
       968
       956
       975
       922
       938
       936
       919
       929
       935
       913
       884
       885
       949
       939
       861
       904
       948
       883
       910
       956
       860
       911
       895
       909
       932
       933
       959
       928
       903
       880
       877
       925
       912
       870
       866
       937
       879
       920
       835
       920
       868
       886
       922
       872
       866
       905
       894
       882
       909
       883
       894
       917
       916
       877
       874
       903
       925
       900
       874
       870
       906
       894
       875
       885
       872
       849
       916
       885
       952
       937
       868
       932
       935
       885
       873
       849
       863
       885
       911
       886
       900
       906
       891
       899
       866
       854
       907
       935
       892
       893
       801
       893
       818
       901
       880
       850
       888
       845
       858
       873
       882
       842
       862
       823
       871
       874
       830
       810
       855
       808
       820
       861
       818
       854
       802
       838
       795
       842
       840
       828
       836
       823
       751
       765
       801
       747
       771
       777
       766
       809
       781
       770
       762
       795
       708
       695
       783
       729
       709
       770
       709
       775
       720
       687
       733
       724
       657
       689
       722
       711
       726
       723
       670
       721
       674
       722
       715
       704
       684
       690
       689
       674
       657
       642
       673
       701
       714
       650
       625
       676
       673
       649
       658
       643
       649
       651
       617
       667
       683
       640
       642
       629
       637
       651
       642
       656
       642
       657
       637
       609
       638
       667
       635
       642
       639
       688
       648
       650
       587
       652
       623
       638
       629
       598
       671
       624
       662
       586
       585
       596
       635
       610
       631
       615
       631
       597
       649
       646
       583
       612
       624
       665
       643
       599
       610
       596
       635
       633
       650
       638
       631
       637
       626
       600
       649
       580
       619
       584
       702
       571
       639
       608
       635
       603
       609
       609
       610
       642
       606
       549
       563
       604
       576
       599
       605
       589
       588
       596
       602
       567
       623
       575
       578
       591
       599
       608
       608
       570
       603
       623
       640
       638
       602
       645
       697
       620
       666
       701
       692
       695
       684
       714
       676
       760
       740
       771
       793
       830
       822
       842
       869
       901
       967
       962
       915
      1016
       940
      1034
      1084
      1076
      1130
      1214
      1250
      1309
      1339
      1289
      1297
      1442
      1483
      1398
      1475
      1571
      1575
      1610
      1644
      1755
      1702
      1750
      1734
      1821
      1819
      1886
      1874
      1988
      1958
      2011
      2045
      1965
      1989
      2039
      2073
      2068
      2134
      2149
      1994
      2047
      2092
      2072
      2024
      2081
      1978
      2013
      2048
      2046
      2000
      1948
      1804
      1911
      1774
      1796
      1755
      1748
      1711
      1647
      1710
      1624
      1571
      1476
      1427
      1385
      1416
      1317
      1258
      1300
      1199
      1242
      1136
      1056
      1036
       978
       981
       908
       859
       839
       784
       762
       701
       703
       665
       610
       620
       565
       525
       504
       489
       448
       466
       441
       387
       388
       366
       363
       338
       315
       294
       269
       298
       241
       262
       259
       236
       249
       228
       228
       194
       197
       213
       183
       220
       202
       196
       173
       178
       150
       193
       179
       184
       177
       190
       207
       198
       184
       226
       188
       189
       237
       250
       212
       247
       251
       260
       266
       247
       276
       319
       336
       344
       356
       353
       381
       370
       442
       425
       445
       472
       493
       533
       533
       569
       563
       606
       636
       629
       658
       723
       732
       759
       815
       874
       819
       884
       932
       957
      1034
       988
      1073
      1114
      1136
      1169
      1196
      1264
      1232
      1276
      1371
      1446
      1462
      1415
      1448
      1559
      1563
      1548
      1454
      1509
      1602
      1628
      1605
      1621
      1644
      1690
      1707
      1737
      1627
      1669
      1689
      1715
      1710
      1671
      1701
      1656
      1606
      1618
      1694
      1603
      1691
      1649
      1613
      1548
      1624
      1558
      1459
      1460
      1462
      1415
      1337
      1419
      1255
      1375
      1288
      1193
      1273
      1191
      1111
      1139
      1084
       988
       937
      1004
       944
       819
       848
       810
       775
       729
       726
       692
       623
       633
       577
       512
       537
       482
       455
       417
       421
       372
       387
       361
       355
       311
       267
       278
       259
       236
       199
       231
       165
       176
       186
       158
       154
       125
       123
       134
        98
        98
        94
        74
        82
        64
        67
        55
        62
        46
        41
        45
        37
        34
        28
        33
        19
        22
        30
        23
        13
        18
        14
        14
        14
        10
        14
        11
         8
        14
         7
        10
         5
         7
         6
         8
         7
         6
         3
         1
         6
         6
         7
         3
         4
         5
         4
         2
         3
         6
         6
         1
         9
         3
         3
         1
         2
         2
         6
         1
         3
         4
         2
         4
         2
         5
         3
         3
         2
         1
         4
         2
         3
         2
         3
         5
         1
         1
         2
         3
         4
         2
         4
         2
         3
         4
         1
         6
         4
         5
         1
         1
         3
         3
         1
         1
         5
         1
         4
         3
         3
         5
         2
         3
         2
         5
         2
         2
         2
         3
         4
         1
         4
         2
         0
         0
         2
         2
         1
         3
         1
         1
         3
         1
         1
         2
         0
         3
         3
         2
         4
         5
         1
         2
         2
         3
         2
         2
         3
         3
         4
         1
         6
         2
         1
         1
         1
         2
         0
         1
         2
         4
         1
         2
         3
         4
         1
         3
         2
         0
         1
         0
         3
         2
         1
         2
         0
         1
         1
         2
         3
         4
         5
         1
         3
         2
         3
         3
         1
         3
         2
         5
         2
         5
         1
         4
         0
         3
         2
         0
         2
         0
         3
         1
         2
         1
         2
         2
         1
         2
         2
         2
         1
         2
         3
         1
         4
         0
         2
         2
         1
         1
         1
         0
         1
         1
         4
         4
         4
         1
         1
         2
         1
         1
         0
         4
         2
         2
         1
         2
         4
         2
         1
         2
         3
         1
         2
         4
         2
         1
         0
         4
         1
         0
         3
         1
         4
         4
         1
         5
         2
         2
         5
         1
         0
         1
         1
         0
         3
         0
         1
         1
         1
         1
         0
         4
         2
         2
         2
         4
         1
         0
         1
         2
         5
         2
         4
         5
         4
         4
         3
         6
         3
         4
         2
         3
         6
         1
         0
         1
         2
         2
         2
         5
         1
         2
         3
         3
         6
         2
         7
         0
         2
         4
         4
         1
         5
         2
         2
         0
         2
         2
         5
         2
         4
         2
         5
         1
         3
         3
         4
         5
         1
         1
         2
         2
         4
         1
         2
         5
         2
         3
         4
         2
         5
         1
         3
         2
         1
         1
         4
         2
         0
         1
         3
         5
         3
         2
         1
         0
         2
         3
         3
         1
         2
         1
         2
         1
         1
         2
         3
         2
         3
         2
         2
         0
         1
         3
         0
         3
         1
         3
         3
         4
         0
         2
         3
         1
         0
         5
         1
         0
         1
         3
         4
         4
         7
         1
         3
         3
         2
         3
         2
         6
         0
         2
         1
         2
         4
         3
         2
         4
         4
         1
         4
         3
         4
         2
         3
         1
         2
         4
         2
         1
         1
         3
         2
         1
         2
         2
         3
         3
         8
         1
         1
         0
         0
         1
         2
         2
         2
         0
         4
         2
         3
         3
         1
         3
         1
         2
         0
         4
         3
         3
         2
         3
         3
         4
         0
         3
         1
         2
         2
         1
         2
         2
         2
         0
         4
         3
         3
         0
         1
         1
         0
         3
         2
         3
         2
         2
         0
         0
         1
         0
         2
         4
         0
         1
         2
         1
         0
         1
         2
         0
         4
         4
         1
         1
         3
         2
         2
         2
         0
         0
         2
         1
         0
         0
         3
         0
         1
         0
         2
         3
         3
         1
         1
         1
         1
         0
         2
         4
         1
         2
         1
         1
         1
         0
         0
         2
         4
         5
         0
         3
         2
         2
         1
         1
         1
         1
         0
         0
         0
         0
         4
         0
         1
         2
         1
         0
         0
         0
         4
         2
         3
         5
         1
         2
         1
         1
         0
         0
         1
         0
         0
         2
         2
         2
         2
         1
         3
         0
         2
         1
         5
         0
         3
         0
         1
         1
         4
         4
         0
         1
         1
         0
         3
         2
         4
         1
         2
         0
         0
         6
         1
         1
         1
         0
         2
         5
         2
         1
         3
         0
         2
         1
         1
         0
         4
         2
         5
         0
         0
         3
         3
         0
         0
         0
         1
         1
         2
         0
         0
         0
         1
         0
         1
         2
         2
         1
         2
         0
         0
         1
         0
         2
         0
         1
         1
         1
         2
         0
         0
         0
         0
         0
         0
         2
         1
         1
         1
         1
         0
         0
         2
         0
         0
         0
         0
         1
         0
         0
         0
         0
         1
         2
         0
         0
         0
         0
         0
         0
         0
         1
         1
         0
         0
         2
         1
         0
         1
         0
         0
         1
         0
         0
         0
         0
         0
         0
         1
         1
         0
         0
         0
         0
         0
         0
         0
         0
         0
         0
         0
         0
         0
         0
         1
         0
         0
         1
         0
         2
         0
         0
         0
         0
         1
         0
         0
         0
         2
         0
         0
         0
         0
         0
         0
         0
         2
         0
         0
         2
         0
         2
         1
         0
         0
         0
         1
         1
         1
         0
         0
         0
         0
         0
         0
         0
         1
         1
         0
         0
         0
         0
         0
         0
         0
         0
         1
         1
         0
         0
         0
         0
         0
         1
         1
         0
         4
         1
         2
         1
         1
         0
         1
         1
         0
         1
         0
         0
         2
         1
         1
         0
         1
         0
         0
         1
         2
         0
         0
         0
         0
         1
         1
         1
         0
         2
         1
         0
         2
         1
         0
         0
         0
         1
         0
         0
         0
         0
         0
         1
         1
         0
         0
         1
         1
         1
         0
         0
         0
         0
         3
         0
         0
         1
         0
         2
         0
         0
         1
         1
         0
         0
         1
         1
         1
         1
         0
         1
         0
         0
         0
         2
         1
         0
         0
         1
         1
         1
         0
         0
         1
         1
         0
         1
         2
         2
         2
         0
         0
         0
         0
         1
         0
         0
         0
         0
         2
         1
         0
         0
         0
         1
         0
         0
         1
         0
         0
         0
         0
         0
         1
         1
         0
         2
         0
         0
         1
         1
         0
         0
         1
         0
         0
         0
         0
         1
         0
         0
         1
         1
         0
         0
         0
         0
         0
         0
         0
         0
         0
         0
         1
         0
         1
         1
         2
         1
         0
         1
         0
         0
         0
         1
         1
         1
         1
         1
         0
         1
         0
         2
         1
         0
         1
         1
         0
         0
         0
         1
         2
         2
         1
         1
         0
         0
         1
         1
         2
         1
         1
         0
         1
         1
         1
         0
         3
         0
         1
         0
         0
         2
         1
         0
         0
         0
         0
         2
         2
         0
         0
         1
         0
         1
         0
         1
         1
         0
         1
         1
         1
         0
         0
         0
         3
         3
         0
         0
         0
         0
         0
         2
         0
         0
         0
         1
         1
         0
         0
         0
         0
         0
         0
         0
         1
         0
         0
         0
         0
         1
         0
         0
         0
         1
         2
         2
         0
         0
         0
         0
         0
         1
         0
         1
         0
         0
         2
         0
         0
         0
         0
         0
         0
         0
         0
         1
         0
         1
         0
         0
         0
         1
         0
         0
         0
         0
         0
         0
         1
         0
         0
         0
         1
         0
         0
         0
         0
         0
         0
         0
         1
         1
         0
         1
         0
         0
         1
         0
         0
         1
         0
         0
         0
         1
         0
         1
         1
         0
         0
         0
         2
         2
         0
         0
         2
         0
         1
         1
         2
         0
         0
         2
         1
         1
         0
         0
         1
         2
         2
         1
         0
         0
         2
         0
         0
         0
         0
         1
         0
         2
         0
         0
         0
         0
         0
         0
         0
         1
         0
         1
         0
         1
         2
         1
         1
         1
         1
         0
         1
         0
         0
         0
         1
         0
         1
         1
         0
         0
         1
         0
         1
         1
         1
         1
         0
         0
         0
         0
         0
         1
         1
         0
         0
         0
         0
         1
         1
         0
         1
         0
         0
         1
         1
         0
         2
         1
         0
         0
         0
         1
         0
         0
         0
         0
         0
         0
         0
         0
         0
         0
         0
         0
         0
         0
         0
         0
         1
         0
         0
         0
         0
         0
         0
         0
         0
         0
         0
         0
         0
         0
         0
         0
         0
         1
         1
         0
         0
         0
         0
         0
         0
         0
         0
         0
         0
         0
         0
         0
         0
         0
         0
         0
         0
         0
         0
         0
         0
         0
         0
         0
         0
         0
         0
         0
         0
         0
         0
         0
         0
         0
         0
         0
         0
         0
         0
         0
         0
         0
         0
         1
         0
         0
         0
         0
         0
         0
         0
         0
         0
         0
         0
         0
         0
         0
         0
         0
         0
         0
         0
         0
         0
         0
         0
         0
         0
         0
         0
         0
         0
         0
         0
         0
         0
         0
         0
         0
         0
         0
         0
         0
         0
         0
         0
         0
         0
         0
         0
         0
         0
         0
         0
         0
         0
         0
         0
         0
         0
         0
         0
         0
         0
         0
         0
         0
         0
         0
         0
         0
         0
         0
         0
         0
         0
         0
         0
         0
         0
         0
         0
         0
         0
         0
         0
         0
         0
         0
         0
         0
         0
         0
         0
         0
         0
         0
         0
         0
         0
         0
         0
         0
         0
         0
         0
         0
         0
         0
         0
         0
         0
         0
         0
         0
         0
         0
         0
         0
         0
         0
         0
         0
         0
         0
         0
         0
         0
         0
         0
         0
         0
         0
         0
         0
         0
         0
         0
         0
         0
         0
         0
         0
         0
         0
         0
         0
         0
         0
         0
         0
         0
         0
         0
         0
         0
         0
         0
         0
         0
         0
         0
         0
         0
         0
         0
         0
         0
         0
         0
         0
         0
         0
         0
         0
         0
         0
         0
         0
         0
         0
         0
         0
         0
         0
         0
         0
         0
         0
         0
         0
         0
         0
         0
         0
         0
         0
         0
         0
         0
         0
         0
         0
         0
         0
         0
         0
         0
         0
         0
         0
         0
         0
         0
         0
         0
         0
         0
         0
         0
         0
         0
         0
         0
         0
         0
         0
         0
         0
         0
         0
         0
         0
         0
         0
         0
         0
         0
         0
         0
         0
         0
         0
         0
         0
         0
         0
         0
         0
         0
         0
         0
         0
         0
         0
         0
         0
         0
         0
         0
         0
         0
         0
         0
         0
         0
         0
         0
         0
         0
         0
         0
         0
         0
         0
         0
         0
         0
         0
         0
         0
         0
         0
         0
         0
         0
         0
         0
         0
         0
         0
         0
         0
         0
         0
         0
         0
         0
         0
         0
         0
         0
         0
         0
         0
         0
         0
         0
         0
         0
         0
         0
         0
         0
         0
         0
         0
         0
         0
         0
         0
         0
         0
         0
         0
         0
         0
         0
         0
         0
         0
         0
         0
         0
         0
         0
         0
         0
         0
         0
         0
         0
         0
         0
         0
         0
         0
         0
         0
         0
         0
         0
         0
         0
         0
         0
         0
         0
         0
         0
         0
         0
