         0
         0
         0
         0
         0
         0
         0
         0
         0
         0
      1131
      1182
      1259
      1249
      1158
      1078
      1133
      1149
      1167
      1161
      1286
      1252
      1220
      1172
      1222
      1210
      1191
      1197
      1283
      1239
      1167
      1205
      1190
      1219
      1236
      1201
      1232
      1174
      1261
      1249
      1193
      1298
      1242
      1274
      1270
      1287
      1275
      1359
      1293
      1262
      1321
      1234
      1283
      1257
      1284
      1293
      1282
      1298
      1303
      1244
      1284
      1265
      1249
      1246
      1311
      1266
      1285
      1294
      1252
      1237
      1224
      1218
      1271
      1316
      1273
      1318
      1346
      1373
      1369
      1349
      1394
      1393
      1459
      1463
      1477
      1469
      1457
      1613
      1570
      1652
      1643
      1607
      1684
      1601
      1696
      1691
      1792
      1778
      1766
      1849
      1742
      1847
      1864
      1902
      1852
      2012
      1897
      1884
      1972
      1966
      1992
      2015
      2117
      2109
      2061
      2163
      2235
      2220
      2274
      2342
      2277
      2419
      2428
      2373
      2510
      2485
      2432
      2557
      2512
      2520
      2581
      2642
      2576
      2637
      2672
      2689
      2741
      2680
      2668
      2623
      2736
      2768
      2798
      2717
      2740
      2700
      2718
      2774
      2794
      2805
      2781
      2842
      2858
      2823
      2846
      2920
      2788
      2844
      2903
      2929
      2848
      2810
      2759
      2864
      2919
      2900
      2826
      2813
      2977
      2875
      2977
      2824
      2939
      2923
      2865
      2938
      2854
      2854
      2942
      2881
      3008
      3027
      2854
      2985
      2877
      2967
      2882
      2946
      2994
      3075
      2933
      2929
      2972
      2951
      2957
      2860
      2923
      2943
      2986
      3074
      3001
      2905
      3029
      3041
      3104
      2958
      3030
      3009
      3097
      3023
      3104
      3149
      3191
      3180
      3093
      3150
      3075
      3260
      3121
      3036
      3109
      3103
      3135
      3170
      3169
      3095
      3103
      3161
      3215
      3116
      3085
      3117
      3107
      2972
      3054
      3090
      3060
      3157
      3026
      2878
      3032
      2927
      2854
      2918
      2822
      2951
      2904
      2795
      2941
      2873
      2824
      2823
      2881
      2740
      2777
      2775
      2755
      2803
      2785
      2747
      2747
      2706
      2700
      2707
      2767
      2619
      2754
      2714
      2771
      2729
      2675
      2734
      2633
      2679
      2803
      2740
      2727
      2652
      2789
      2604
      2660
      2669
      2664
      2627
      2665
      2532
      2603
      2550
      2632
      2612
      2613
      2476
      2563
      2597
      2523
      2468
      2488
      2526
      2496
      2493
      2439
      2517
      2455
      2364
      2471
      2422
      2351
      2329
      2385
      2420
      2352
      2305
      2379
      2381
      2358
      2202
      2295
      2327
      2362
      2414
      2367
      2311
      2324
      2246
      2292
      2238
      2371
      2175
      2240
      2211
      2301
      2194
      2194
      2202
      2271
      2255
      2149
      2185
      2104
      2220
      2161
      2122
      2112
      2186
      2220
      2167
      2279
      2134
      2199
      2105
      2153
      2176
      2107
      2185
      2112
      2151
      2071
      2142
      2097
      2092
      2044
      2089
      2089
      2099
      2053
      2128
      2071
      1975
      2054
      2029
      2082
      2050
      2046
      2023
      2038
      2034
      2075
      2130
      2038
      1942
      1987
      1932
      1946
      1918
      1964
      1959
      1981
      2009
      2000
      1936
      1925
      1931
      1884
      1885
      1844
      1944
      1914
      1901
      1935
      1846
      1853
      1785
      1878
      1878
      1810
      1903
      1847
      1793
      1786
      1798
      1852
      1819
      1758
      1842
      1741
      1847
      1811
      1778
      1904
      1789
      1752
      1774
      1819
      1760
      1774
      1736
      1711
      1687
      1750
      1766
      1756
      1733
      1849
      1707
      1786
      1661
      1738
      1691
      1656
      1667
      1715
      1710
      1675
      1664
      1687
      1709
      1650
      1687
      1716
      1645
      1665
      1645
      1611
      1655
      1667
      1576
      1643
      1569
      1684
      1637
      1610
      1662
      1638
      1586
      1504
      1608
      1604
      1530
      1582
      1609
      1564
      1557
      1600
      1597
      1590
      1520
      1602
      1541
      1541
      1529
      1472
      1580
      1523
      1527
      1522
      1583
      1499
      1495
      1519
      1475
      1475
      1525
      1577
      1478
      1506
      1491
      1525
      1549
      1601
      1503
      1513
      1485
      1499
      1483
      1433
      1432
      1430
      1491
      1523
      1417
      1414
      1490
      1427
      1474
      1411
      1466
      1503
      1489
      1433
      1482
      1409
      1468
      1461
      1517
      1436
      1470
      1419
      1453
      1394
      1431
      1438
      1420
      1371
      1433
      1399
      1362
      1472
      1457
      1392
      1434
      1349
      1316
      1401
      1410
      1358
      1389
      1402
      1348
      1410
      1426
      1422
      1350
      1351
      1380
      1365
      1354
      1306
      1385
      1449
      1378
      1342
      1352
      1339
      1320
      1337
      1415
      1342
      1398
      1311
      1318
      1364
      1410
      1416
      1340
      1320
      1379
      1366
      1374
      1406
      1317
      1327
      1345
      1398
      1342
      1319
      1349
      1320
      1416
      1269
      1324
      1344
      1397
      1320
      1364
      1349
      1316
      1345
      1299
      1321
      1346
      1308
      1247
      1315
      1274
      1342
      1252
      1287
      1309
      1248
      1301
      1275
      1288
      1301
      1228
      1268
      1216
      1302
      1266
      1269
      1293
      1254
      1232
      1258
      1288
      1314
      1277
      1171
      1264
      1312
      1211
      1230
      1258
      1327
      1199
      1178
      1311
      1225
      1259
      1326
      1289
      1277
      1314
      1267
      1255
      1272
      1289
      1284
      1256
      1238
      1286
      1279
      1195
      1256
      1237
      1272
      1265
      1212
      1187
      1212
      1261
      1223
      1208
      1264
      1201
      1281
      1250
      1153
      1215
      1213
      1214
      1220
      1248
      1180
      1190
      1247
      1265
      1176
      1176
      1228
      1273
      1193
      1185
      1202
      1234
      1264
      1271
      1229
      1184
      1224
      1194
      1225
      1228
      1201
      1200
      1213
      1168
      1216
      1181
      1157
      1227
      1168
      1170
      1205
      1181
      1225
      1225
      1217
      1209
      1227
      1160
      1243
      1252
      1256
      1272
      1265
      1210
      1162
      1230
      1228
      1186
      1195
      1181
      1148
      1208
      1218
      1183
      1195
      1213
      1148
      1204
      1209
      1191
      1204
      1212
      1173
      1189
      1224
      1162
      1196
      1207
      1228
      1185
      1133
      1151
      1138
      1163
      1158
      1151
      1177
      1124
      1190
      1123
      1151
      1121
      1162
      1161
      1115
      1121
      1101
      1185
      1100
      1204
      1160
      1149
      1179
      1130
      1125
      1124
      1119
      1157
      1187
      1120
      1144
      1151
      1135
      1193
      1105
      1170
      1131
      1120
      1146
      1173
      1179
      1122
      1156
      1131
      1100
      1113
      1187
      1130
      1192
      1163
      1182
      1179
      1139
      1138
      1161
      1130
      1133
      1142
      1165
      1154
      1214
      1082
      1126
      1187
      1114
      1094
      1198
      1169
      1123
      1119
      1151
      1094
      1121
      1115
      1159
      1170
      1177
      1135
      1127
      1139
      1120
      1116
      1133
      1135
      1092
      1148
      1170
      1172
      1100
      1116
      1152
      1198
      1176
      1163
      1143
      1106
      1125
      1146
      1169
      1178
      1208
      1171
      1193
      1191
      1174
      1167
      1114
      1110
      1140
      1159
      1139
      1128
      1186
      1173
      1136
      1146
      1132
      1111
      1226
      1119
      1075
      1169
      1120
      1134
      1170
      1150
      1111
      1131
      1081
      1206
      1167
      1206
      1090
      1073
      1148
      1119
      1100
      1162
      1154
      1142
      1152
      1165
      1174
      1224
      1155
      1128
      1089
      1119
      1152
      1183
      1119
      1147
      1132
      1167
      1199
      1109
      1100
      1144
      1167
      1204
      1171
      1173
      1131
      1153
      1120
      1181
      1191
      1166
      1147
      1176
      1170
      1142
      1156
      1126
      1118
      1145
      1065
      1184
      1104
      1126
      1061
      1112
      1062
      1125
      1142
      1024
      1105
      1058
      1126
      1113
      1101
      1176
      1076
      1102
      1064
      1096
      1130
      1087
      1100
      1146
      1022
      1093
      1013
      1048
      1071
      1037
      1049
      1064
      1072
      1032
      1003
      1012
      1004
      1063
      1045
      1022
      1095
      1007
       956
       960
      1016
       971
       985
       969
       942
      1000
       920
       918
       871
       903
       960
       932
       922
       874
       918
       936
       906
       945
       887
       900
       889
       845
       898
       938
       876
       874
       908
       897
       921
       891
       850
       796
       836
       862
       865
       843
       868
       821
       878
       863
       817
       839
       805
       811
       801
       798
       853
       852
       794
       814
       760
       814
       758
       788
       806
       805
       789
       762
       761
       779
       770
       760
       792
       855
       826
       805
       811
       759
       788
       771
       804
       816
       789
       842
       797
       751
       739
       749
       795
       725
       820
       793
       794
       774
       782
       765
       760
       773
       759
       797
       757
       761
       782
       777
       740
       798
       802
       811
       736
       714
       761
       755
       832
       748
       748
       790
       758
       755
       707
       750
       758
       721
       735
       776
       776
       757
       766
       715
       714
       707
       736
       771
       779
       741
       743
       772
       736
       672
       720
       740
       706
       693
       690
       732
       763
       743
       732
       747
       703
       762
       776
       746
       764
       750
       805
       768
       827
       784
       801
       737
       837
       853
       820
       854
       863
       914
       896
       936
       914
      1010
      1036
      1100
      1115
      1061
      1146
      1201
      1270
      1278
      1279
      1252
      1373
      1371
      1440
      1512
      1581
      1593
      1667
      1728
      1768
      1812
      1771
      1866
      2017
      1987
      2138
      2107
      2222
      2273
      2351
      2382
      2443
      2529
      2699
      2630
      2665
      2677
      2717
      2787
      2768
      2842
      2811
      2893
      2937
      2995
      2977
      3067
      3082
      2986
      3124
      3025
      3036
      3036
      3093
      2992
      2967
      3006
      2964
      2997
      2967
      2950
      2891
      2900
      2821
      2785
      2639
      2662
      2588
      2561
      2453
      2413
      2381
      2289
      2303
      2192
      2074
      2040
      2004
      1860
      1830
      1749
      1695
      1644
      1625
      1548
      1469
      1442
      1332
      1322
      1196
      1160
      1106
      1086
      1008
       988
       878
       926
       800
       743
       737
       703
       667
       640
       616
       576
       493
       473
       455
       449
       423
       403
       413
       354
       353
       337
       316
       280
       318
       285
       260
       294
       318
       256
       252
       254
       230
       252
       192
       229
       196
       223
       199
       241
       235
       254
       257
       245
       248
       264
       236
       267
       273
       302
       254
       316
       340
       333
       328
       338
       375
       391
       409
       433
       447
       474
       450
       529
       531
       613
       623
       620
       704
       726
       791
       781
       848
       878
       951
       931
       999
      1034
      1023
      1082
      1203
      1185
      1228
      1259
      1323
      1418
      1470
      1532
      1563
      1560
      1681
      1695
      1711
      1847
      1868
      1858
      1880
      2063
      2038
      2192
      2134
      2129
      2183
      2215
      2246
      2281
      2296
      2360
      2422
      2403
      2429
      2463
      2540
      2492
      2496
      2507
      2543
      2489
      2530
      2584
      2548
      2549
      2505
      2464
      2510
      2458
      2403
      2449
      2432
      2203
      2364
      2296
      2281
      2311
      2119
      2093
      2151
      2101
      2052
      1957
      1863
      1857
      1795
      1746
      1721
      1591
      1584
      1492
      1500
      1393
      1369
      1317
      1229
      1249
      1162
      1110
      1025
      1033
       974
       934
       887
       879
       822
       723
       686
       693
       639
       535
       527
       491
       468
       458
       419
       386
       371
       360
       354
       309
       295
       260
       234
       216
       222
       204
       196
       179
       160
       165
       136
       121
       116
        99
       105
        77
        75
        57
        66
        54
        55
        60
        52
        44
        33
        37
        47
        29
        29
        32
        19
        14
        24
        15
        16
        11
        18
        11
        12
         5
        10
        13
         5
        10
         6
         9
         9
         6
         8
        12
        12
         6
         5
         4
         7
         4
         6
         1
         5
         6
         2
         1
         7
         3
         7
         4
         5
         4
         8
         2
         3
         6
         1
         3
         8
         4
         2
         3
         0
         4
         3
         3
         4
         4
         4
         6
         6
         4
         3
         2
         3
         2
         5
         6
         7
         5
         5
         9
         4
         5
         6
         6
         3
         8
         2
         6
         7
         5
         4
         3
         3
         4
         2
         5
         4
         5
         4
         2
         9
         4
         3
         3
         4
         3
         4
         5
         3
         4
         5
         6
         5
         6
         5
         4
         6
         2
         5
         3
         9
         3
         5
         3
         4
         5
         6
         3
         1
         2
         6
         2
         3
         1
         3
         6
         4
         4
         3
         5
         3
         4
         0
         6
         8
         2
         1
         4
         7
         1
         1
         4
         8
         1
         5
         3
         7
         5
         8
         1
         2
         1
         3
         6
         4
         3
         4
         7
         3
         3
         3
         4
         6
         2
         5
         5
         4
         1
         3
         2
         3
         2
         5
         7
         2
         5
         2
         5
         3
         3
         2
         5
         5
         3
         2
         2
         2
         5
         4
         4
         4
         1
         3
         2
         4
         2
         4
         4
         4
         6
         3
         2
         3
         5
         3
         3
         4
         3
         0
         4
         2
         2
         4
         1
         3
         1
         3
         3
         4
         3
         3
         1
         2
         5
         3
         7
         3
         0
         4
         2
         2
         2
         3
         3
         0
         3
         3
         2
         1
         2
         0
         4
         4
         1
         3
         3
         1
         3
         2
         3
         0
         1
         2
         2
         4
         2
         4
         1
         1
         3
         4
         1
         0
         0
         2
         2
         5
         2
         1
         3
         1
         4
         5
         4
         0
         0
         1
         1
         1
         5
         1
         2
         5
         4
         1
         2
         1
         4
         1
         3
         4
         2
         3
         3
         2
         2
         1
         1
         1
         1
         3
         2
         3
         2
         1
         2
         1
         2
         3
         0
         5
         2
         4
         2
         3
         6
         0
         0
         6
         3
         2
         4
         7
         4
         3
         2
         5
         2
         3
         2
         4
         4
         4
         5
         3
         2
         2
         2
         3
         0
         3
         2
         1
         2
         3
         3
         3
         1
         4
         1
         2
         5
         1
         4
         6
         1
         3
         2
         2
         4
         2
         4
         1
         4
         1
         1
         4
         2
         4
         3
         3
         6
         2
         5
         5
         4
         4
         2
         3
         3
         1
         3
         1
         2
         3
         0
         1
         4
         1
         5
         2
         1
         3
         3
         2
         0
         0
         3
         3
         3
         4
         2
         3
         1
         2
         3
         4
         2
         2
         2
         3
         0
         2
         1
         2
         4
         0
         1
         2
         2
         1
         2
         2
         2
         7
         0
         2
         4
         1
         1
         0
         2
         2
         3
         2
         2
         3
         4
         1
         2
         1
         1
         2
         0
         0
         1
         3
         4
         1
         4
         0
         1
         0
         1
         3
         2
         2
         0
         0
         2
         3
         3
         3
         1
         2
         0
         1
         1
         3
         3
         0
         3
         1
         4
         6
         2
         3
         0
         2
         3
         0
         1
         3
         2
         2
         1
         2
         1
         1
         0
         2
         1
         2
         1
         3
         1
         1
         0
         3
         0
         2
         1
         1
         0
         2
         1
         0
         1
         0
         2
         0
         3
         2
         1
         1
         1
         0
         2
         1
         5
         1
         0
         0
         0
         2
         0
         1
         3
         0
         2
         0
         0
         0
         0
         3
         0
         0
         2
         1
         1
         3
         0
         2
         2
         1
         2
         1
         1
         0
         2
         1
         1
         0
         0
         2
         1
         2
         3
         1
         1
         0
         0
         1
         0
         0
         0
         0
         2
         0
         1
         0
         2
         2
         0
         1
         1
         0
         3
         2
         2
         2
         1
         2
         2
         0
         2
         0
         2
         0
         0
         1
         0
         0
         1
         1
         0
         1
         3
         1
         3
         1
         1
         1
         1
         1
         0
         0
         0
         1
         1
         2
         0
         1
         1
         2
         1
         1
         1
         0
         2
         1
         0
         2
         0
         2
         1
         2
         0
         2
         1
         1
         2
         3
         1
         1
         0
         0
         0
         0
         0
         0
         0
         0
         0
         0
         1
         0
         1
         1
         0
         0
         0
         0
         0
         0
         3
         0
         0
         0
         1
         0
         0
         2
         2
         1
         2
         1
         0
         0
         0
         0
         2
         0
         1
         3
         1
         0
         2
         1
         0
         0
         1
         1
         1
         1
         0
         0
         1
         0
         0
         1
         0
         0
         1
         0
         1
         0
         0
         1
         1
         0
         0
         0
         1
         0
         1
         0
         0
         1
         2
         1
         0
         0
         1
         1
         1
         0
         1
         1
         1
         1
         1
         0
         2
         1
         0
         0
         2
         1
         1
         0
         0
         4
         0
         0
         2
         2
         0
         0
         1
         1
         2
         0
         0
         0
         1
         0
         1
         1
         1
         2
         0
         0
         2
         0
         0
         0
         1
         1
         0
         0
         1
         0
         1
         1
         1
         3
         1
         1
         1
         2
         0
         1
         2
         0
         2
         1
         0
         1
         0
         1
         0
         0
         1
         1
         1
         0
         2
         2
         0
         1
         1
         1
         1
         0
         2
         0
         1
         0
         1
         1
         0
         0
         0
         0
         2
         1
         1
         0
         0
         0
         0
         3
         1
         0
         1
         0
         1
         0
         2
         2
         2
         0
         0
         1
         1
         2
         0
         1
         1
         0
         0
         1
         1
         0
         0
         0
         1
         1
         1
         0
         1
         1
         0
         2
         0
         0
         1
         0
         0
         3
         1
         1
         3
         0
         0
         5
         2
         0
         1
         1
         1
         2
         3
         2
         1
         3
         2
         2
         0
         0
         0
         1
         1
         0
         2
         1
         2
         0
         0
         2
         0
         0
         0
         1
         1
         1
         0
         2
         2
         0
         1
         0
         0
         1
         3
         1
         0
         0
         1
         0
         1
         0
         2
         1
         2
         3
         1
         1
         1
         0
         1
         1
         0
         0
         1
         1
         0
         0
         2
         0
         0
         0
         0
         1
         0
         2
         0
         2
         1
         0
         1
         1
         0
         2
         2
         1
         2
         1
         1
         0
         0
         1
         1
         0
         0
         2
         0
         0
         0
         0
         2
         0
         0
         1
         1
         0
         0
         1
         1
         0
         1
         2
         1
         0
         0
         0
         0
         0
         2
         1
         4
         1
         1
         2
         1
         2
         0
         0
         0
         1
         0
         1
         0
         0
         0
         0
         1
         0
         1
         0
         0
         2
         0
         0
         0
         0
         1
         0
         1
         1
         2
         0
         0
         1
         1
         0
         0
         1
         1
         1
         2
         2
         0
         2
         0
         2
         0
         0
         1
         0
         0
         0
         0
         0
         1
         1
         0
         1
         0
         0
         2
         2
         4
         1
         1
         3
         0
         1
         1
         1
         1
         2
         2
         1
         1
         2
         0
         1
         0
         3
         2
         2
         2
         0
         0
         1
         3
         2
         1
         1
         0
         0
         2
         0
         1
         0
         1
         2
         2
         0
         1
         1
         1
         0
         1
         1
         1
         1
         2
         0
         1
         2
         1
         1
         2
         2
         1
         2
         4
         1
         0
         0
         2
         0
         1
         2
         1
         0
         2
         0
         0
         1
         2
         1
         1
         1
         1
         0
         0
         0
         2
         1
         0
         1
         1
         0
         0
         0
         2
         1
         2
         0
         1
         1
         1
         1
         3
         0
         0
         0
         1
         0
         1
         1
         0
         1
         1
         0
         0
         0
         0
         0
         0
         0
         0
         1
         0
         0
         0
         0
         1
         0
         1
         1
         0
         0
         0
         0
         0
         2
         0
         0
         0
         0
         0
         0
         0
         0
         0
         0
         2
         0
         0
         0
         0
         0
         0
         1
         0
         1
         0
         0
         0
         0
         0
         0
         0
         0
         0
         0
         0
         0
         0
         0
         0
         0
         0
         0
         0
         0
         0
         0
         0
         0
         0
         0
         0
         0
         0
         0
         0
         0
         0
         0
         0
         0
         0
         0
         0
         0
         0
         0
         0
         0
         0
         0
         0
         0
         0
         0
         0
         0
         0
         0
         0
         0
         0
         0
         0
         0
         0
         0
         0
         0
         0
         0
         0
         0
         0
         0
         0
         0
         0
         0
         0
         0
         0
         0
         0
         0
         0
         0
         0
         0
         0
         0
         0
         0
         0
         0
         0
         0
         0
         0
         0
         0
         0
         0
         0
         0
         0
         0
         0
         0
         0
         0
         0
         0
         0
         0
         0
         0
         0
         0
         0
         0
         0
         0
         0
         0
         0
         0
         0
         0
         0
         0
         0
         0
         0
         0
         0
         0
         0
         0
         0
         0
         0
         0
         0
         0
         0
         0
         0
         0
         0
         0
         0
         0
         0
         0
         0
         0
         0
         0
         0
         0
         0
         0
         0
         0
         0
         0
         0
         0
         0
         0
         0
         0
         0
         0
         0
         0
         0
         0
         0
         0
         0
         0
         0
         0
         0
         0
         0
         0
         0
         0
         0
         0
         0
         0
         0
         0
         0
         0
         0
         0
         0
         0
         0
         0
         0
         0
         0
         0
         0
         0
         0
         0
         0
         0
         0
         0
         0
         0
         0
         0
         0
         0
         0
         0
         0
         0
         0
         0
         0
         0
         0
         0
         0
         0
         0
         0
         0
         0
         0
         0
         0
         0
         0
         0
         0
         0
         0
         0
         0
         0
         0
         0
         0
         0
         0
         0
         0
         0
         0
         0
         0
         0
         0
         0
         0
         0
         0
         0
         0
         0
         0
         0
         0
         0
         0
         0
         0
         0
         0
         0
         0
         0
         0
         0
         0
         0
         0
         0
         0
         0
         0
         0
         0
         0
         0
         0
         0
         0
         0
         0
         0
         0
         0
         0
         0
         0
         0
         0
         0
         0
         0
         0
         0
         0
         0
         0
         0
         0
         0
         0
         0
         0
         0
         0
         0
         0
         0
         0
         0
         0
         0
         0
         0
         0
         0
         0
         0
         0
         0
         0
         0
         0
         0
         0
         0
         0
         0
         0
         0
         0
         0
         0
         0
         0
         0
         0
         0
         0
         0
         0
         0
         0
         0
         0
         0
         0
         0
         0
         0
         0
         0
         0
         0
         0
         0
         0
         0
         0
         0
         0
         0
         0
         0
         0
         0
         0
         0
         0
         0
         0
         0
         0
         0
         0
         0
         0
         0
         0
         0
         0
         0
         0
