         0
         0
         0
         0
         0
         0
         0
         0
         0
         0
      1185
      1258
      1261
      1302
      1201
      1213
      1146
      1151
      1156
      1195
      1174
      1263
      1190
      1212
      1168
      1185
      1183
      1152
      1064
      1204
      1128
      1151
      1185
      1225
      1255
      1255
      1158
      1279
      1239
      1182
      1178
      1206
      1251
      1246
      1312
      1244
      1270
      1327
      1318
      1199
      1190
      1215
      1209
      1180
      1182
      1199
      1250
      1275
      1236
      1234
      1330
      1263
      1275
      1337
      1252
      1287
      1296
      1274
      1333
      1330
      1183
      1237
      1278
      1284
      1276
      1225
      1316
      1320
      1323
      1264
      1405
      1364
      1428
      1442
      1448
      1430
      1507
      1601
      1580
      1554
      1552
      1664
      1632
      1615
      1641
      1685
      1711
      1737
      1778
      1766
      1830
      1882
      1812
      1874
      1885
      1850
      1962
      1941
      2001
      2016
      2104
      2096
      2134
      2142
      2220
      2193
      2175
      2296
      2340
      2325
      2303
      2322
      2402
      2385
      2446
      2505
      2572
      2491
      2562
      2543
      2545
      2502
      2513
      2647
      2677
      2733
      2665
      2688
      2725
      2700
      2662
      2752
      2757
      2762
      2837
      2778
      2869
      2740
      2807
      2787
      2878
      2691
      2784
      2819
      2931
      2834
      2815
      2922
      2868
      2936
      2830
      2870
      2959
      2917
      2938
      2897
      2898
      2930
      2850
      2856
      2835
      2955
      2922
      2878
      2831
      2888
      2888
      2997
      2936
      2978
      2845
      2939
      2990
      2871
      2887
      2943
      3054
      2999
      2924
      2989
      3044
      2926
      2932
      2953
      3011
      2892
      3048
      2935
      3014
      3043
      2972
      2969
      3000
      3011
      3022
      3012
      3039
      2945
      3023
      3080
      3067
      3189
      3130
      3112
      3158
      3096
      3103
      3156
      3207
      3128
      3211
      3108
      3081
      3056
      3176
      3142
      3051
      3089
      3159
      3077
      3237
      3183
      3048
      3199
      3097
      3035
      3020
      3129
      2980
      3019
      3018
      2958
      3013
      2968
      3035
      2885
      2901
      2855
      2845
      2869
      2875
      2819
      2808
      2840
      2736
      2701
      2804
      2701
      2764
      2873
      2786
      2715
      2737
      2733
      2692
      2630
      2781
      2687
      2651
      2646
      2734
      2729
      2685
      2643
      2750
      2641
      2718
      2657
      2592
      2686
      2596
      2620
      2644
      2651
      2610
      2631
      2756
      2528
      2523
      2558
      2623
      2491
      2511
      2629
      2491
      2504
      2521
      2504
      2599
      2488
      2522
      2479
      2489
      2422
      2545
      2401
      2439
      2374
      2397
      2408
      2391
      2353
      2335
      2351
      2324
      2391
      2295
      2309
      2339
      2329
      2340
      2279
      2259
      2321
      2159
      2271
      2222
      2207
      2169
      2138
      2219
      2261
      2173
      2198
      2152
      2206
      2101
      2138
      2179
      2193
      2190
      2153
      2183
      2072
      2145
      2118
      2120
      2084
      2103
      2114
      2117
      2135
      2059
      2091
      2118
      2155
      2019
      2045
      2073
      2112
      2089
      2029
      1997
      1972
      2048
      2052
      2081
      1997
      2078
      1924
      1904
      1975
      2018
      1957
      1959
      2019
      2029
      2015
      1924
      1915
      1967
      1969
      1913
      1985
      1962
      1969
      1935
      1982
      1897
      1886
      1844
      1878
      1921
      1866
      1864
      1911
      1846
      1890
      1841
      1786
      1823
      1707
      1916
      1828
      1797
      1781
      1802
      1880
      1812
      1850
      1797
      1764
      1814
      1847
      1825
      1798
      1796
      1805
      1866
      1774
      1781
      1772
      1763
      1771
      1789
      1736
      1701
      1796
      1743
      1789
      1767
      1828
      1714
      1764
      1746
      1730
      1732
      1786
      1652
      1706
      1752
      1766
      1649
      1691
      1650
      1784
      1695
      1711
      1717
      1669
      1692
      1663
      1597
      1677
      1586
      1700
      1666
      1610
      1684
      1593
      1640
      1618
      1673
      1634
      1662
      1643
      1539
      1565
      1621
      1574
      1543
      1571
      1570
      1595
      1532
      1576
      1520
      1554
      1573
      1541
      1440
      1526
      1440
      1471
      1542
      1528
      1495
      1522
      1511
      1524
      1527
      1545
      1469
      1527
      1481
      1542
      1534
      1511
      1530
      1542
      1492
      1499
      1583
      1546
      1453
      1444
      1496
      1508
      1455
      1519
      1473
      1542
      1517
      1475
      1470
      1418
      1469
      1550
      1484
      1435
      1506
      1529
      1495
      1430
      1469
      1436
      1403
      1459
      1411
      1473
      1462
      1407
      1495
      1346
      1424
      1408
      1422
      1372
      1374
      1398
      1422
      1354
      1389
      1421
      1368
      1353
      1343
      1410
      1385
      1384
      1399
      1383
      1332
      1368
      1409
      1305
      1374
      1329
      1323
      1357
      1345
      1362
      1294
      1279
      1346
      1351
      1356
      1392
      1301
      1287
      1262
      1275
      1322
      1339
      1390
      1362
      1380
      1307
      1318
      1307
      1381
      1315
      1346
      1345
      1225
      1224
      1333
      1307
      1196
      1289
      1301
      1262
      1256
      1277
      1234
      1329
      1307
      1318
      1292
      1337
      1234
      1224
      1226
      1304
      1234
      1286
      1270
      1251
      1231
      1331
      1273
      1199
      1246
      1179
      1280
      1227
      1232
      1203
      1248
      1253
      1241
      1246
      1234
      1235
      1244
      1222
      1258
      1245
      1164
      1279
      1205
      1182
      1261
      1282
      1209
      1222
      1262
      1161
      1189
      1123
      1214
      1260
      1194
      1243
      1229
      1194
      1174
      1235
      1224
      1198
      1236
      1242
      1172
      1233
      1159
      1199
      1257
      1187
      1148
      1197
      1187
      1168
      1195
      1085
      1148
      1207
      1168
      1162
      1174
      1211
      1215
      1158
      1170
      1130
      1160
      1162
      1158
      1195
      1206
      1156
      1167
      1173
      1154
      1170
      1200
      1198
      1167
      1132
      1190
      1155
      1127
      1151
      1220
      1176
      1174
      1080
      1144
      1107
      1133
      1103
      1173
      1148
      1139
      1160
      1156
      1107
      1086
      1079
      1099
      1106
      1165
      1142
      1101
      1088
      1135
      1120
      1163
      1091
      1106
      1104
      1103
      1137
      1209
      1081
      1012
      1110
      1100
      1115
      1096
      1060
      1111
      1125
      1133
      1114
      1032
      1045
      1082
      1098
      1109
      1099
      1109
      1080
      1085
      1078
      1075
      1156
      1104
      1126
      1075
      1166
      1082
      1114
      1096
      1050
      1084
      1105
      1071
      1075
      1077
      1070
      1116
      1098
      1073
      1076
      1074
      1111
      1137
      1076
      1107
      1090
      1067
      1080
      1101
      1064
      1084
      1065
      1110
      1087
      1071
      1132
      1084
      1088
      1068
      1090
      1076
      1106
      1079
      1088
      1153
      1013
      1125
      1119
      1091
      1056
      1035
      1087
      1029
      1082
      1069
      1052
      1144
      1058
      1086
      1050
      1104
      1066
      1053
      1073
      1148
      1050
      1114
      1118
      1097
      1120
      1077
      1021
      1111
      1032
      1148
      1087
      1120
      1070
      1096
      1100
      1077
      1161
      1111
      1094
      1125
      1130
      1171
      1053
      1144
      1113
      1159
      1077
      1060
      1080
      1095
      1064
      1053
      1122
      1090
      1062
      1114
      1095
      1070
      1021
      1043
      1072
      1117
      1044
      1066
      1107
      1078
      1109
      1123
      1128
      1102
      1074
      1101
      1022
      1076
      1155
      1024
      1133
      1120
      1091
      1025
      1058
      1083
      1087
      1097
      1122
      1051
      1147
      1064
      1077
      1034
      1030
      1094
      1124
      1114
      1029
      1093
      1067
      1050
      1046
      1033
      1050
      1085
      1056
      1045
      1114
      1089
      1091
      1033
      1094
      1058
      1081
      1082
      1081
      1064
      1064
      1081
      1115
      1068
      1029
      1031
      1091
      1153
      1138
      1061
      1086
      1103
       982
      1052
      1066
      1099
      1054
      1101
      1064
      1066
      1117
      1063
      1101
      1021
      1081
      1032
      1040
      1033
      1075
      1053
      1063
      1037
      1056
      1086
      1046
      1026
      1045
      1027
       998
      1008
      1002
       997
      1045
      1039
      1019
      1005
      1027
       997
      1036
       922
       967
       992
       938
       970
       960
       979
       909
       929
       949
       946
       902
       946
       965
       920
       918
       935
       884
       912
       899
       860
       819
       890
       889
       863
       896
       838
       914
       891
       815
       768
       898
       828
       845
       828
       860
       829
       872
       887
       817
       808
       894
       804
       809
       815
       793
       807
       760
       850
       781
       839
       760
       797
       747
       790
       753
       781
       803
       740
       778
       756
       797
       766
       722
       740
       796
       728
       749
       802
       761
       709
       717
       787
       781
       811
       764
       748
       798
       808
       785
       755
       769
       757
       793
       722
       748
       748
       742
       681
       772
       741
       708
       726
       771
       762
       740
       733
       828
       751
       764
       790
       758
       769
       708
       759
       743
       743
       759
       728
       686
       760
       756
       782
       744
       761
       743
       742
       757
       757
       757
       753
       729
       731
       766
       740
       735
       716
       772
       690
       664
       714
       704
       680
       730
       730
       681
       726
       710
       729
       722
       683
       702
       719
       679
       717
       662
       701
       729
       690
       706
       733
       765
       768
       728
       740
       718
       716
       680
       758
       768
       765
       799
       811
       750
       773
       840
       854
       874
       858
       964
       933
       995
      1023
      1002
      1089
      1036
      1120
      1150
      1116
      1244
      1231
      1325
      1319
      1389
      1377
      1344
      1512
      1561
      1591
      1626
      1670
      1745
      1829
      1818
      1848
      1866
      2019
      2116
      2084
      2212
      2289
      2224
      2239
      2428
      2412
      2355
      2470
      2456
      2532
      2543
      2663
      2620
      2647
      2688
      2686
      2652
      2681
      2704
      2745
      2726
      2715
      2635
      2775
      2731
      2761
      2671
      2697
      2614
      2542
      2548
      2544
      2513
      2530
      2361
      2402
      2398
      2258
      2226
      2205
      2223
      2120
      2131
      1954
      1978
      1853
      1857
      1744
      1688
      1663
      1654
      1596
      1434
      1413
      1416
      1327
      1255
      1161
      1078
      1100
      1052
      1031
      1015
       896
       851
       787
       834
       752
       723
       651
       631
       550
       598
       523
       522
       511
       470
       448
       397
       413
       371
       371
       342
       314
       320
       305
       299
       299
       263
       261
       263
       244
       225
       245
       226
       198
       205
       214
       236
       226
       217
       245
       237
       222
       222
       248
       232
       218
       221
       243
       245
       247
       291
       311
       295
       311
       336
       321
       337
       357
       364
       398
       414
       446
       441
       474
       512
       499
       572
       568
       607
       616
       630
       693
       764
       815
       823
       767
       840
       911
       876
       949
       966
      1018
      1118
      1042
      1122
      1294
      1253
      1267
      1397
      1394
      1459
      1472
      1522
      1594
      1579
      1641
      1697
      1757
      1804
      1825
      1872
      1868
      2039
      2003
      1963
      1926
      2010
      2116
      2169
      2107
      2135
      2180
      2251
      2268
      2268
      2245
      2222
      2322
      2245
      2243
      2387
      2224
      2255
      2246
      2250
      2176
      2285
      2238
      2122
      2206
      2107
      2091
      2038
      2124
      1915
      1883
      1843
      1889
      1775
      1744
      1674
      1676
      1605
      1672
      1574
      1454
      1429
      1435
      1291
      1322
      1237
      1209
      1186
      1119
      1062
      1097
      1028
       989
       879
       887
       840
       795
       792
       708
       646
       636
       598
       600
       498
       521
       470
       450
       391
       410
       339
       328
       300
       285
       308
       231
       234
       200
       204
       204
       156
       151
       157
       165
       121
       132
       113
       108
       104
        96
        84
        63
        54
        72
        54
        55
        44
        46
        38
        28
        30
        31
        24
        25
        26
        11
        16
        18
        18
        17
        15
        16
        13
        10
         8
        16
        14
        11
         8
        11
         9
         5
         4
        10
         5
        11
         6
         5
         4
         9
         9
        11
         1
         6
         5
         4
         2
         9
         4
         6
         3
         3
         3
         6
         7
         6
         6
         6
         7
         5
         4
         4
         7
         4
         4
         4
         1
         4
         3
         1
         4
         6
         2
         7
         9
         6
         4
         2
         4
         3
         5
         8
         8
         2
         3
         4
         7
         6
         2
         0
         7
         2
         6
         0
         5
         7
         4
         2
         3
         2
         1
         3
         2
         1
         3
         4
         2
         6
         2
         2
         6
         2
         2
         4
         3
         3
         2
         3
         2
         1
         5
         4
         3
         5
         2
         2
         2
         3
         2
         5
         2
         4
         6
         3
         1
         1
         3
         3
         2
         1
         3
         1
         1
         1
         3
         2
         1
         3
         3
         1
         2
         4
         3
         1
         0
         2
         3
         4
         2
         2
         3
         3
         1
         4
         4
         5
         3
         1
         1
         3
         4
         0
         3
         0
         1
         1
         3
         0
         3
         2
         0
         3
         3
         1
         5
         2
         7
         1
         2
         3
         2
         1
         3
         2
         3
         1
         1
         1
         2
         2
         1
         5
         1
         3
         1
         0
         1
         3
         4
         1
         2
         1
         4
         5
         2
         4
         3
         2
         4
         1
         5
         1
         4
         1
         3
         4
         2
         0
         1
         3
         3
         2
         4
         1
         0
         1
         2
         3
         3
         3
         0
         2
         3
         3
         2
         4
         1
         1
         1
         4
         2
         3
         6
         3
         1
         4
         1
         0
         2
         4
         1
         3
         4
         4
         3
         2
         3
         2
         0
         1
         2
         4
         2
         6
         2
         5
         1
         2
         2
         2
         1
         2
         2
         3
         3
         3
         3
         4
         3
         1
         2
         7
         5
         1
         1
         2
         1
         4
         3
         0
         1
         3
         2
         1
         1
         1
         3
         1
         2
         0
         1
         2
         2
         0
         1
         2
         5
         0
         3
         4
         2
         0
         4
         1
         3
         0
         2
         1
         3
         6
         3
         0
         4
         1
         3
         2
         0
         5
         1
         2
         3
         2
         1
         2
         3
         2
         1
         0
         2
         2
         1
         1
         3
         5
         2
         0
         0
         1
         2
         4
         1
         2
         4
         2
         2
         2
         4
         3
         2
         0
         1
         1
         1
         4
         2
         2
         2
         4
         5
         1
         2
         4
         1
         4
         2
         2
         6
         1
         1
         0
         3
         3
         3
         4
         1
         3
         4
         0
         8
         1
         3
         1
         4
         2
         3
         4
         0
         4
         0
         5
         3
         4
         4
         1
         1
         2
         4
         4
         0
         3
         2
         3
         3
         2
         2
         2
         2
         6
         3
         2
         3
         5
         1
         2
         1
         3
         2
         1
         0
         3
         7
         6
         3
         2
         1
         1
         4
         0
         3
         2
         1
         5
         4
         3
         2
         1
         2
         1
         4
         1
         5
         3
         2
         3
         4
         1
         1
         2
         0
         0
         1
         2
         1
         0
         0
         3
         3
         1
         1
         2
         2
         1
         1
         2
         3
         2
         2
         4
         1
         1
         2
         2
         0
         0
         1
         1
         3
         2
         1
         0
         0
         1
         1
         0
         1
         1
         0
         3
         1
         2
         1
         1
         1
         0
         1
         4
         1
         2
         3
         2
         0
         2
         0
         2
         1
         0
         3
         3
         0
         0
         0
         0
         0
         1
         0
         2
         2
         0
         2
         4
         0
         3
         1
         0
         2
         1
         1
         0
         2
         1
         0
         1
         0
         1
         0
         2
         1
         2
         2
         0
         0
         2
         0
         2
         2
         1
         1
         0
         0
         3
         1
         0
         0
         0
         1
         1
         0
         2
         1
         1
         2
         1
         1
         3
         1
         0
         1
         2
         0
         2
         1
         3
         1
         2
         0
         1
         2
         0
         2
         0
         1
         0
         0
         0
         0
         0
         2
         2
         0
         1
         3
         2
         0
         2
         1
         0
         0
         2
         0
         3
         0
         1
         2
         0
         1
         2
         1
         0
         2
         1
         0
         2
         1
         2
         1
         0
         2
         2
         1
         0
         0
         2
         2
         1
         0
         0
         2
         1
         1
         0
         0
         2
         1
         1
         0
         2
         1
         0
         1
         1
         0
         1
         0
         0
         0
         1
         1
         0
         1
         0
         0
         1
         0
         3
         0
         1
         2
         2
         1
         0
         0
         1
         1
         2
         1
         0
         3
         1
         0
         1
         2
         3
         0
         0
         1
         2
         1
         0
         1
         0
         0
         3
         4
         0
         0
         1
         2
         0
         1
         1
         2
         0
         0
         2
         2
         2
         0
         2
         1
         0
         0
         0
         2
         2
         2
         1
         3
         0
         1
         0
         0
         0
         2
         0
         2
         0
         3
         0
         3
         0
         2
         1
         1
         0
         2
         1
         2
         1
         0
         1
         2
         1
         0
         1
         0
         2
         3
         1
         1
         0
         0
         1
         2
         1
         1
         0
         1
         1
         1
         1
         3
         1
         1
         0
         1
         0
         1
         0
         1
         0
         0
         0
         1
         1
         0
         3
         2
         1
         2
         0
         0
         1
         1
         1
         1
         1
         1
         1
         2
         1
         0
         1
         0
         0
         0
         0
         3
         0
         0
         1
         0
         0
         0
         0
         1
         0
         0
         1
         2
         2
         0
         1
         3
         1
         1
         0
         1
         0
         2
         0
         1
         0
         0
         3
         1
         0
         0
         1
         0
         1
         1
         1
         1
         1
         0
         0
         1
         6
         0
         2
         2
         1
         0
         2
         1
         1
         3
         1
         1
         0
         1
         0
         0
         1
         1
         2
         1
         3
         0
         1
         0
         1
         0
         0
         1
         0
         1
         0
         0
         0
         0
         1
         2
         1
         0
         1
         1
         1
         0
         3
         1
         2
         0
         1
         0
         0
         0
         0
         2
         2
         1
         0
         0
         1
         0
         2
         0
         0
         0
         0
         0
         0
         1
         0
         0
         0
         2
         0
         2
         1
         1
         1
         0
         1
         1
         0
         2
         1
         1
         2
         1
         0
         1
         1
         1
         0
         1
         1
         3
         0
         0
         0
         1
         1
         0
         0
         2
         1
         0
         1
         1
         0
         0
         1
         0
         2
         2
         1
         1
         1
         2
         1
         2
         1
         0
         0
         0
         0
         2
         2
         2
         0
         1
         0
         2
         2
         0
         1
         1
         0
         0
         0
         1
         1
         0
         1
         0
         1
         1
         0
         1
         0
         3
         1
         1
         0
         0
         3
         0
         1
         0
         0
         0
         0
         0
         1
         2
         0
         0
         0
         0
         0
         0
         0
         0
         2
         0
         0
         0
         1
         0
         1
         0
         1
         0
         1
         1
         0
         0
         1
         0
         2
         0
         0
         0
         0
         0
         0
         0
         0
         0
         0
         0
         4
         0
         1
         1
         1
         1
         0
         2
         2
         0
         0
         3
         1
         1
         1
         0
         1
         0
         1
         1
         1
         1
         1
         0
         2
         2
         0
         1
         1
         1
         1
         0
         1
         0
         1
         1
         0
         0
         1
         0
         0
         0
         1
         0
         1
         0
         0
         1
         1
         3
         2
         2
         0
         2
         1
         0
         1
         3
         2
         1
         0
         1
         0
         0
         0
         2
         0
         0
         0
         0
         0
         0
         2
         0
         0
         0
         0
         0
         0
         1
         1
         0
         1
         0
         2
         1
         1
         1
         0
         0
         0
         0
         0
         0
         0
         1
         0
         0
         1
         0
         1
         0
         1
         1
         1
         0
         0
         0
         1
         0
         0
         0
         0
         1
         0
         0
         0
         2
         0
         0
         0
         0
         0
         0
         0
         0
         0
         1
         0
         0
         0
         1
         0
         0
         0
         0
         0
         0
         0
         0
         0
         0
         0
         0
         0
         0
         0
         0
         0
         0
         1
         0
         0
         0
         0
         0
         0
         0
         0
         0
         0
         0
         0
         0
         0
         0
         0
         0
         0
         0
         0
         0
         0
         0
         0
         0
         0
         0
         0
         0
         0
         0
         0
         0
         0
         0
         0
         0
         0
         0
         0
         0
         0
         0
         0
         0
         0
         0
         0
         0
         0
         0
         0
         0
         0
         0
         0
         0
         0
         0
         0
         0
         0
         0
         0
         0
         0
         0
         0
         0
         0
         0
         0
         0
         0
         0
         0
         0
         0
         0
         0
         0
         0
         0
         0
         0
         0
         0
         0
         0
         0
         0
         0
         0
         0
         0
         0
         0
         0
         0
         0
         0
         0
         0
         0
         0
         0
         0
         0
         0
         0
         0
         0
         0
         0
         0
         0
         0
         0
         0
         0
         0
         0
         0
         0
         0
         0
         0
         0
         0
         0
         0
         0
         0
         0
         0
         0
         0
         0
         0
         0
         0
         0
         0
         0
         0
         0
         0
         0
         0
         0
         0
         0
         0
         0
         0
         0
         0
         0
         0
         0
         0
         0
         0
         0
         0
         0
         0
         0
         0
         0
         0
         0
         0
         0
         0
         0
         0
         0
         0
         0
         0
         0
         0
         0
         0
         0
         0
         0
         0
         0
         0
         0
         0
         0
         0
         0
         0
         0
         0
         0
         0
         0
         0
         0
         0
         0
         0
         0
         0
         0
         0
         0
         0
         0
         0
         0
         0
         0
         0
         0
         0
         0
         0
         0
         0
         0
         0
         0
         0
         0
         0
         0
         0
         0
         0
         0
         0
         0
         0
         0
         0
         0
         0
         0
         0
         0
         0
         0
         0
         0
         0
         0
         0
         0
         0
         0
         0
         0
         0
         0
         0
         0
         0
         0
         0
         0
         0
         0
         0
         0
         0
         0
         0
         0
         0
         0
         0
         0
         0
         0
         0
         0
         0
         0
         0
         0
         0
         0
         0
         0
         0
         0
         0
         0
         0
         0
         0
         0
         0
         0
         0
         0
         0
         0
         0
         0
         0
         0
         0
         0
         0
         0
         0
         0
         0
         0
         0
         0
         0
         0
         0
         0
         0
         0
         0
         0
         0
         0
         0
         0
         0
         0
         0
         0
         0
         0
         0
         0
         0
         0
         0
         0
         0
         0
         0
         0
         0
         0
         0
         0
         0
         0
         0
         0
         0
         0
         0
         0
         0
         0
         0
         0
         0
         0
         0
         0
         0
         0
         0
         0
         0
         0
         0
         0
         0
         0
         0
         0
         0
         0
         0
         0
         0
         0
         0
         0
         0
         0
         0
         0
         0
         0
         0
         0
         0
         0
         0
         0
