         0
         0
         0
         0
         0
         0
         0
         0
         0
         0
      1162
      1249
      1263
      1257
      1251
      1051
      1071
      1035
      1073
      1178
      1178
      1101
      1166
      1110
      1089
      1118
      1092
      1109
      1082
      1096
      1095
      1070
      1107
      1148
      1132
      1110
      1105
      1162
      1162
      1154
      1214
      1208
      1137
      1194
      1172
      1185
      1189
      1161
      1129
      1150
      1071
      1055
      1034
      1109
      1131
      1153
      1170
      1173
      1138
      1114
      1115
      1145
      1150
      1133
      1164
      1218
      1177
      1244
      1231
      1213
      1197
      1196
      1268
      1241
      1282
      1241
      1257
      1277
      1229
      1302
      1307
      1283
      1334
      1329
      1378
      1360
      1432
      1446
      1379
      1486
      1520
      1534
      1543
      1535
      1619
      1597
      1646
      1668
      1768
      1728
      1781
      1793
      1849
      1837
      1814
      1880
      1864
      1912
      1987
      2056
      2007
      2042
      2150
      2149
      2170
      2193
      2238
      2250
      2309
      2303
      2298
      2350
      2460
      2394
      2466
      2475
      2502
      2545
      2630
      2590
      2605
      2611
      2646
      2621
      2609
      2646
      2716
      2704
      2727
      2730
      2649
      2711
      2709
      2686
      2726
      2706
      2861
      2792
      2699
      2777
      2853
      2752
      2725
      2805
      2763
      2774
      2872
      2941
      2766
      2868
      2896
      2771
      2905
      2775
      2843
      2858
      2853
      2857
      2736
      2991
      2843
      2878
      2782
      2801
      2820
      2891
      2869
      2819
      2784
      2872
      2859
      2868
      2879
      2888
      2820
      2786
      2827
      2878
      2901
      2910
      2933
      2942
      2926
      2822
      2904
      2953
      2963
      2845
      2957
      2895
      2912
      2986
      2874
      3014
      2868
      2922
      2982
      2900
      3023
      2957
      3040
      2987
      3045
      3023
      2959
      3047
      2976
      3001
      3035
      3045
      3081
      2985
      2975
      2964
      3040
      3138
      3086
      3044
      2925
      3010
      2984
      2928
      2945
      2976
      2828
      2983
      2889
      2988
      2829
      2948
      2881
      2853
      2927
      2823
      2808
      2924
      2692
      2843
      2818
      2738
      2786
      2739
      2721
      2754
      2756
      2647
      2616
      2681
      2656
      2637
      2600
      2632
      2616
      2542
      2563
      2588
      2559
      2568
      2560
      2475
      2539
      2595
      2596
      2612
      2387
      2544
      2515
      2453
      2602
      2529
      2466
      2471
      2425
      2512
      2501
      2410
      2469
      2336
      2416
      2492
      2478
      2466
      2446
      2410
      2358
      2477
      2446
      2415
      2364
      2388
      2301
      2283
      2293
      2340
      2383
      2298
      2372
      2277
      2276
      2307
      2328
      2309
      2262
      2295
      2267
      2264
      2248
      2226
      2185
      2253
      2308
      2224
      2172
      2185
      2205
      2140
      2132
      2242
      2093
      2125
      2161
      2160
      2174
      2174
      2157
      2217
      2218
      2101
      2105
      2125
      2105
      2058
      2087
      2083
      2091
      2105
      1983
      2056
      2049
      2102
      2032
      2060
      2070
      2032
      2016
      1985
      2069
      2036
      2095
      2013
      2013
      1962
      1984
      2023
      1908
      2002
      1963
      1912
      1942
      2001
      1990
      1850
      1924
      1933
      1925
      1923
      1943
      1913
      1907
      1919
      1859
      1849
      1922
      1814
      1848
      1873
      1866
      1928
      1883
      1875
      1893
      1878
      1813
      1807
      1840
      1814
      1764
      1760
      1760
      1894
      1765
      1821
      1777
      1729
      1734
      1827
      1676
      1736
      1754
      1733
      1691
      1709
      1686
      1712
      1704
      1777
      1721
      1694
      1701
      1656
      1633
      1704
      1701
      1684
      1685
      1686
      1665
      1683
      1624
      1621
      1606
      1618
      1693
      1638
      1679
      1634
      1659
      1604
      1645
      1647
      1579
      1637
      1643
      1593
      1586
      1602
      1575
      1610
      1565
      1468
      1535
      1502
      1526
      1635
      1480
      1506
      1580
      1577
      1525
      1477
      1450
      1510
      1506
      1497
      1467
      1410
      1532
      1508
      1468
      1434
      1408
      1528
      1429
      1512
      1492
      1486
      1466
      1441
      1407
      1428
      1430
      1412
      1458
      1413
      1503
      1380
      1533
      1452
      1440
      1426
      1418
      1429
      1406
      1413
      1469
      1430
      1481
      1431
      1437
      1498
      1446
      1376
      1464
      1407
      1432
      1523
      1382
      1414
      1477
      1426
      1446
      1471
      1426
      1401
      1419
      1400
      1458
      1401
      1382
      1455
      1331
      1387
      1374
      1349
      1479
      1466
      1331
      1377
      1387
      1399
      1276
      1299
      1392
      1332
      1350
      1285
      1310
      1301
      1326
      1314
      1295
      1312
      1327
      1308
      1288
      1305
      1350
      1307
      1266
      1314
      1210
      1248
      1257
      1229
      1287
      1264
      1270
      1287
      1207
      1245
      1296
      1238
      1296
      1207
      1273
      1153
      1216
      1304
      1258
      1281
      1241
      1274
      1285
      1190
      1265
      1229
      1279
      1219
      1251
      1202
      1230
      1236
      1178
      1196
      1239
      1261
      1201
      1158
      1190
      1190
      1202
      1135
      1219
      1203
      1149
      1176
      1174
      1193
      1129
      1251
      1162
      1175
      1163
      1221
      1189
      1127
      1158
      1178
      1180
      1216
      1160
      1221
      1148
      1144
      1102
      1109
      1091
      1207
      1137
      1113
      1136
      1162
      1166
      1123
      1150
      1163
      1099
      1160
      1124
      1134
      1069
      1124
      1115
      1093
      1089
      1143
      1085
      1106
      1118
      1125
      1173
      1104
      1146
      1105
      1050
      1131
      1083
      1121
      1061
      1092
      1092
      1110
      1088
      1078
      1076
      1044
      1131
      1034
      1050
      1051
      1090
      1051
      1050
      1090
      1042
      1123
      1081
      1091
      1058
      1051
      1051
       991
      1060
      1128
      1074
      1066
      1070
      1093
      1046
      1099
      1075
      1025
      1035
      1062
      1094
      1149
      1048
      1018
      1075
      1051
      1075
      1036
      1026
      1117
       997
      1038
      1060
       987
      1081
      1027
      1050
      1029
      1028
      1047
       978
      1056
       995
      1011
      1004
      1041
      1006
      1015
       984
       996
      1028
      1029
      1008
      1034
       997
       971
       954
       976
       992
       993
       990
       978
       999
       982
       971
       970
       989
       992
      1018
      1051
      1013
       958
       968
       972
       964
       995
       982
       970
       971
       999
       983
       919
      1023
      1011
      1019
       984
       982
       970
      1035
       984
      1012
       968
       924
       981
      1041
      1035
      1031
      1038
       954
      1006
      1013
       998
       971
       992
       913
       968
       990
       948
       906
       977
       986
      1019
       955
       941
       996
      1014
       971
       972
       962
      1005
       981
       931
       934
       954
       936
       955
       935
       932
       951
       971
       983
       893
       972
       937
       968
       965
      1001
       947
       981
       970
       960
       956
       981
       971
      1009
       983
       936
       944
       960
       986
       940
       947
       939
       984
       979
       938
       955
       948
       980
       918
       980
       997
       946
       888
       964
      1011
       939
       957
       919
       903
       916
       972
       971
       950
       935
       982
       972
       944
       932
       950
       994
       947
       937
       917
       975
       891
       913
       920
       943
       958
       906
       910
       954
       929
       901
       931
       915
       909
       960
       944
      1003
       937
       937
       916
       928
       947
       901
       940
       925
       899
       933
       894
       939
       881
       881
       885
       855
       901
       929
      1011
       875
       879
       942
       913
       900
       901
       840
       931
       979
       932
       930
       906
       896
       962
       962
       949
       863
       901
       905
       907
       881
       903
       928
       938
       954
       936
       929
       895
       882
       954
       953
       897
       940
       987
       903
       994
       860
       902
       891
       928
       944
       891
       961
       917
       920
       915
       905
       950
       826
       906
       882
       875
       886
       910
       866
       896
       847
       837
       854
       838
       866
       915
       904
       848
       875
       854
       788
       844
       852
       797
       810
       817
       801
       803
       845
       790
       775
       832
       801
       796
       805
       788
       827
       725
       779
       806
       757
       797
       698
       787
       767
       717
       695
       791
       719
       771
       687
       700
       687
       709
       718
       720
       666
       704
       705
       655
       707
       660
       691
       723
       690
       692
       676
       649
       763
       681
       745
       652
       696
       732
       672
       727
       670
       689
       677
       660
       667
       650
       716
       705
       680
       706
       683
       696
       678
       668
       674
       626
       720
       653
       728
       678
       635
       662
       677
       636
       676
       652
       649
       612
       667
       638
       646
       649
       628
       638
       687
       680
       656
       623
       635
       657
       658
       620
       620
       598
       670
       653
       637
       609
       688
       630
       674
       578
       625
       620
       689
       656
       649
       686
       673
       608
       613
       660
       627
       608
       635
       613
       627
       602
       691
       602
       645
       608
       592
       638
       588
       613
       639
       630
       626
       672
       559
       614
       663
       622
       616
       605
       597
       602
       660
       627
       603
       612
       618
       598
       596
       630
       578
       614
       609
       609
       590
       611
       649
       626
       622
       680
       670
       648
       658
       646
       676
       664
       732
       746
       771
       790
       785
       788
       771
       810
       884
       885
       937
       968
       947
      1041
      1003
      1132
      1078
      1128
      1184
      1176
      1200
      1306
      1253
      1425
      1313
      1430
      1369
      1476
      1526
      1549
      1526
      1678
      1637
      1754
      1779
      1795
      1852
      1919
      1935
      1856
      1948
      2053
      1991
      2041
      2053
      2087
      2115
      2122
      2168
      2110
      2119
      2189
      2180
      2176
      2167
      2167
      2177
      2128
      2156
      2143
      2077
      2125
      2007
      2077
      2013
      1957
      2000
      1978
      1912
      1757
      1866
      1830
      1749
      1676
      1728
      1588
      1593
      1568
      1502
      1436
      1412
      1358
      1338
      1324
      1238
      1176
      1127
      1107
      1050
       992
       907
       912
       856
       870
       847
       774
       757
       668
       703
       602
       588
       611
       594
       490
       526
       481
       435
       436
       400
       379
       383
       358
       330
       295
       307
       305
       285
       282
       261
       266
       249
       246
       208
       229
       190
       207
       197
       231
       182
       199
       186
       185
       204
       188
       207
       220
       184
       185
       203
       196
       210
       235
       232
       221
       242
       233
       239
       255
       287
       279
       297
       318
       318
       286
       327
       305
       373
       438
       372
       449
       410
       503
       455
       480
       503
       597
       566
       648
       676
       661
       677
       687
       719
       714
       755
       835
       853
       875
       943
       946
       987
      1043
      1029
      1120
      1148
      1163
      1198
      1280
      1236
      1281
      1350
      1305
      1429
      1386
      1491
      1473
      1497
      1484
      1519
      1605
      1628
      1649
      1554
      1712
      1747
      1680
      1752
      1821
      1781
      1797
      1792
      1744
      1756
      1828
      1792
      1786
      1780
      1796
      1740
      1745
      1745
      1727
      1783
      1682
      1635
      1675
      1664
      1585
      1551
      1537
      1507
      1461
      1507
      1403
      1377
      1384
      1323
      1256
      1308
      1201
      1180
      1139
      1135
      1012
      1027
       971
       945
       859
       895
       888
       808
       753
       736
       706
       670
       665
       598
       571
       533
       558
       485
       500
       451
       440
       391
       389
       360
       326
       331
       288
       247
       238
       212
       216
       203
       164
       177
       150
       147
       157
       129
       143
       127
       114
       102
        76
        81
        85
        64
        45
        61
        52
        50
        39
        47
        29
        36
        33
        37
        26
        27
        22
        22
        26
        21
        13
        12
        11
        13
        10
        13
         5
         7
        12
         7
         8
         6
         2
         2
         6
         1
         6
         5
         5
         5
         6
         3
         3
         1
         7
         6
         7
         1
         1
         7
         3
         1
         7
         0
         4
         5
         3
         5
         2
         3
         5
         2
         6
         3
         2
         5
         2
         1
         4
         3
         2
         4
         4
         3
         3
         6
         6
         2
         4
         3
         2
         4
         4
         4
         5
         5
         3
         5
         7
         2
         6
         3
         7
         0
         3
         4
         3
         1
         3
         1
         6
         8
        12
         6
         6
         8
         6
         5
         4
         1
         3
         2
         3
         5
         0
         1
         1
         2
         4
         2
         7
         4
         2
         4
         7
         2
         1
         4
         3
         3
         2
         4
         1
         0
         3
         3
         1
         0
         4
         3
         3
         5
         1
         3
         2
         5
         2
         4
         2
         1
         1
         3
         2
         3
         3
         0
         2
         4
         4
         2
         3
         4
         5
         2
         2
         2
         2
         2
         2
         4
         1
         3
         3
         1
         5
         4
         3
         1
         2
         4
         0
         3
         4
         2
         5
         3
         8
         5
         3
         4
         3
         4
         5
         4
         1
         4
         2
         1
         5
         3
         2
         0
         4
         3
         3
         3
         3
         3
         3
         2
         3
         0
         2
         2
         3
         2
         4
         4
         2
         4
         3
         2
         4
         1
         3
         2
         1
         5
         2
         1
         1
         2
         3
         4
         3
         4
         3
         2
         2
         2
         2
         2
         2
         3
         2
         3
         2
         2
         2
         4
         3
         2
         1
         2
         3
         4
         5
         5
         2
         2
         3
         3
         1
         2
         3
         1
         2
         3
         2
         2
         4
         1
         2
         3
         4
         2
         2
         1
         3
         5
         0
         2
         2
         1
         1
         5
         1
         1
         5
         3
         2
         5
         2
         3
         1
         2
         6
         2
         5
         6
         1
         1
         1
         4
         3
         2
         2
         3
         2
         1
         2
         2
         4
         1
         3
         2
         0
         5
         2
         3
         3
         1
         1
         3
         4
         1
         2
         2
         1
         2
         2
         3
         0
         4
         1
         4
         2
         5
         1
         2
         2
         1
         5
         3
         3
         1
         3
         3
         3
         1
         2
         2
         2
         5
         0
         1
         1
         1
         3
         0
         3
         2
         2
         1
         3
         5
         0
         5
         1
         0
         2
         5
         4
         1
         6
         2
         2
         2
         0
         4
         3
         0
         9
         3
         2
         3
         1
         1
         2
         3
         1
         1
         3
         2
         2
         0
         4
         3
         2
         2
         1
         3
         1
         7
         2
         1
         2
         2
         2
         2
         0
         3
         0
         1
         1
         0
         3
         4
         1
         0
         1
         2
         2
         2
         2
         1
         2
         0
         0
         1
         5
         0
         6
         0
         1
         1
         4
         3
         1
         1
         2
         6
         4
         4
         1
         1
         0
         0
         1
         2
         2
         0
         0
         1
         1
         2
         4
         1
         3
         2
         4
         2
         1
         2
         1
         3
         0
         1
         2
         4
         5
         0
         4
         2
         2
         2
         1
         0
         1
         0
         1
         1
         4
         3
         3
         2
         4
         2
         2
         0
         2
         3
         1
         0
         0
         1
         1
         0
         3
         2
         1
         0
         0
         2
         1
         1
         2
         4
         1
         0
         0
         0
         0
         1
         1
         1
         1
         0
         1
         1
         0
         1
         1
         0
         2
         1
         3
         0
         2
         0
         2
         1
         0
         2
         3
         0
         0
         0
         2
         0
         0
         2
         1
         1
         1
         1
         0
         2
         0
         0
         0
         1
         1
         3
         1
         2
         0
         0
         3
         0
         2
         1
         1
         0
         2
         0
         0
         0
         2
         2
         1
         0
         1
         1
         0
         2
         2
         0
         1
         0
         1
         3
         1
         1
         1
         0
         1
         0
         0
         1
         2
         1
         0
         1
         1
         0
         0
         3
         0
         0
         0
         1
         1
         1
         1
         0
         0
         0
         2
         0
         0
         1
         0
         1
         0
         1
         2
         1
         0
         0
         1
         1
         0
         0
         0
         0
         0
         0
         0
         1
         2
         0
         0
         0
         0
         2
         2
         1
         0
         0
         0
         0
         1
         1
         0
         0
         0
         0
         0
         0
         0
         0
         0
         3
         0
         0
         0
         1
         0
         0
         0
         1
         0
         0
         0
         0
         0
         1
         1
         1
         0
         0
         1
         0
         1
         1
         1
         1
         0
         0
         0
         1
         1
         1
         0
         1
         3
         0
         2
         0
         0
         0
         1
         1
         0
         1
         1
         2
         2
         1
         0
         0
         2
         0
         0
         2
         0
         0
         0
         1
         0
         1
         1
         0
         2
         0
         0
         0
         0
         1
         1
         0
         0
         1
         1
         0
         1
         0
         2
         1
         0
         0
         0
         0
         0
         0
         0
         2
         0
         0
         0
         1
         0
         0
         1
         0
         0
         0
         0
         1
         1
         0
         2
         2
         1
         0
         0
         2
         0
         1
         1
         0
         1
         0
         1
         1
         0
         1
         2
         0
         0
         0
         0
         1
         0
         1
         1
         0
         1
         0
         0
         0
         3
         1
         1
         1
         1
         1
         1
         0
         1
         2
         0
         0
         1
         0
         2
         0
         0
         1
         1
         1
         1
         0
         0
         0
         2
         0
         0
         0
         0
         0
         0
         0
         1
         0
         1
         1
         1
         2
         0
         1
         0
         1
         1
         0
         0
         0
         0
         1
         0
         0
         0
         1
         0
         0
         1
         1
         0
         0
         0
         2
         0
         0
         0
         1
         2
         1
         2
         1
         0
         3
         0
         0
         0
         0
         0
         1
         1
         0
         2
         0
         0
         0
         0
         1
         0
         0
         1
         0
         0
         0
         2
         3
         1
         0
         0
         0
         1
         0
         0
         0
         0
         1
         1
         0
         2
         0
         1
         0
         0
         1
         0
         0
         0
         0
         0
         1
         1
         1
         0
         1
         0
         0
         0
         1
         0
         2
         0
         0
         1
         2
         0
         0
         1
         0
         2
         1
         1
         1
         0
         1
         0
         0
         0
         1
         0
         1
         1
         1
         0
         0
         0
         0
         0
         0
         0
         0
         1
         1
         0
         0
         0
         0
         0
         1
         0
         0
         1
         1
         1
         1
         0
         0
         0
         0
         0
         0
         0
         0
         0
         0
         0
         0
         0
         1
         0
         0
         1
         2
         1
         0
         2
         0
         0
         0
         1
         0
         0
         0
         0
         0
         0
         0
         0
         0
         0
         0
         0
         0
         0
         0
         0
         0
         0
         1
         1
         0
         0
         0
         0
         0
         1
         0
         2
         0
         1
         0
         0
         0
         0
         0
         0
         0
         0
         0
         1
         0
         1
         0
         1
         0
         1
         0
         0
         0
         0
         1
         1
         1
         0
         0
         0
         0
         1
         0
         0
         1
         1
         1
         0
         0
         0
         0
         0
         0
         0
         0
         0
         0
         0
         0
         0
         1
         0
         0
         1
         0
         0
         0
         0
         0
         1
         0
         0
         1
         0
         0
         0
         2
         0
         2
         2
         0
         0
         1
         3
         0
         0
         0
         1
         0
         0
         2
         0
         1
         0
         0
         0
         1
         1
         3
         0
         0
         0
         0
         1
         1
         1
         0
         1
         0
         0
         1
         1
         1
         2
         0
         0
         0
         0
         0
         1
         0
         0
         0
         0
         0
         1
         0
         0
         1
         0
         0
         0
         0
         0
         1
         0
         2
         1
         1
         0
         0
         1
         0
         0
         1
         0
         0
         0
         0
         0
         0
         1
         1
         0
         0
         0
         0
         0
         0
         0
         0
         0
         1
         0
         0
         0
         0
         0
         0
         0
         1
         0
         1
         0
         0
         0
         0
         0
         0
         0
         0
         0
         0
         0
         0
         0
         0
         0
         0
         0
         0
         0
         0
         0
         0
         0
         0
         0
         0
         0
         0
         0
         0
         0
         0
         0
         0
         0
         0
         0
         0
         0
         0
         0
         0
         0
         0
         0
         0
         0
         0
         0
         0
         0
         0
         0
         0
         0
         0
         0
         0
         0
         0
         0
         0
         0
         0
         0
         0
         0
         0
         0
         0
         0
         0
         0
         0
         0
         0
         0
         0
         0
         0
         0
         0
         0
         0
         0
         0
         0
         0
         0
         0
         0
         0
         0
         0
         0
         0
         0
         0
         0
         0
         0
         0
         0
         0
         0
         0
         0
         0
         0
         0
         0
         0
         0
         0
         0
         0
         0
         0
         0
         0
         0
         0
         0
         0
         0
         0
         0
         0
         0
         0
         0
         0
         0
         0
         0
         0
         0
         0
         0
         0
         0
         0
         0
         0
         0
         0
         0
         0
         0
         0
         0
         0
         0
         0
         0
         0
         0
         0
         0
         0
         0
         0
         0
         0
         0
         0
         0
         0
         0
         0
         0
         0
         0
         0
         0
         0
         0
         0
         0
         0
         0
         0
         0
         0
         0
         0
         0
         0
         0
         0
         0
         0
         0
         0
         0
         0
         0
         0
         0
         0
         0
         0
         0
         0
         0
         0
         0
         0
         0
         0
         0
         0
         0
         0
         0
         0
         0
         0
         0
         0
         0
         0
         0
         0
         0
         0
         0
         0
         0
         0
         0
         0
         0
         0
         0
         0
         0
         0
         0
         0
         0
         0
         0
         0
         0
         0
         0
         0
         0
         0
         0
         0
         0
         0
         0
         0
         0
         0
         0
         0
         0
         0
         0
         0
         0
         0
         0
         0
         0
         0
         0
         0
         0
         0
         0
         0
         0
         0
         0
         0
         0
         0
         0
         0
         0
         0
         0
         0
         0
         0
         0
         0
         0
         0
         0
         0
         0
         0
         0
         0
         0
         0
         0
         0
         0
         0
         0
         0
         0
         0
         0
         0
         0
         0
         0
         0
         0
         0
         0
         0
         0
         0
         0
         0
         0
         0
         0
         0
         0
         0
         0
         0
         0
         0
         0
         0
         0
         0
         0
         0
         0
         0
         0
         0
         0
         0
         0
         0
         0
         0
         0
         0
         0
         0
         0
         0
         0
         0
         0
         0
         0
         0
         0
         0
         0
         0
         0
         0
         0
         0
         0
         0
         0
         0
         0
         0
         0
         0
         0
         0
         0
         0
         0
         0
         0
         0
         0
         0
         0
         0
         0
         0
         0
         0
         0
         0
         0
         0
         0
         0
         0
         0
         0
         0
         0
         0
         0
         0
         0
         0
         0
         0
         0
         0
         0
         0
         0
         0
         0
         0
         0
         0
         0
         0
         0
         0
         0
         0
         0
         0
