         0
         0
         0
         0
         0
         0
         0
         0
         0
         0
      1115
      1120
      1114
      1123
      1109
      1160
      1144
      1161
      1153
      1204
      1253
      1202
      1184
      1154
      1234
      1233
      1215
      1167
      1247
      1274
      1219
      1248
      1280
      1267
      1269
      1241
      1309
      1290
      1299
      1235
      1236
      1247
      1257
      1162
      1295
      1243
      1258
      1259
      1205
      1218
      1280
      1249
      1296
      1286
      1224
      1304
      1242
      1211
      1282
      1273
      1300
      1224
      1299
      1280
      1303
      1339
      1335
      1278
      1300
      1345
      1355
      1356
      1367
      1301
      1360
      1366
      1330
      1445
      1344
      1449
      1394
      1480
      1431
      1437
      1614
      1522
      1524
      1565
      1565
      1592
      1634
      1713
      1632
      1742
      1702
      1812
      1717
      1863
      1793
      1925
      1907
      1947
      1923
      2002
      1968
      1949
      2046
      2013
      2084
      2037
      2015
      2024
      2077
      2155
      2124
      2123
      2086
      2170
      2295
      2226
      2183
      2230
      2395
      2333
      2415
      2520
      2407
      2465
      2460
      2536
      2504
      2559
      2507
      2646
      2622
      2608
      2517
      2597
      2651
      2631
      2639
      2652
      2702
      2648
      2697
      2704
      2708
      2793
      2748
      2820
      2776
      2883
      2847
      2869
      2812
      2721
      2794
      2884
      2894
      2893
      2813
      2789
      2933
      2851
      2794
      2831
      2873
      2896
      2901
      2781
      2885
      2920
      2872
      2890
      2950
      2943
      2948
      2841
      2903
      2937
      2844
      2833
      2932
      2911
      2965
      2915
      2899
      2876
      2920
      2882
      2837
      2845
      2871
      2906
      2914
      3000
      2970
      3044
      2923
      2974
      3086
      2874
      2991
      2938
      3135
      2966
      2985
      3143
      3131
      3053
      3116
      3147
      2993
      3055
      3256
      3143
      3185
      3136
      3090
      3172
      3113
      3066
      3212
      3150
      3173
      3103
      3088
      3047
      3185
      3090
      3141
      3106
      3023
      3097
      3000
      3156
      3046
      3033
      3029
      2973
      2977
      2972
      2975
      2885
      2914
      2897
      2904
      2810
      2863
      2893
      2850
      2853
      2800
      2860
      2830
      2879
      2803
      2768
      2840
      2849
      2744
      2783
      2752
      2765
      2724
      2691
      2828
      2742
      2793
      2878
      2813
      2710
      2610
      2746
      2710
      2680
      2759
      2793
      2759
      2612
      2688
      2673
      2646
      2587
      2582
      2579
      2666
      2550
      2513
      2497
      2596
      2484
      2557
      2513
      2611
      2497
      2377
      2505
      2553
      2352
      2486
      2521
      2383
      2351
      2465
      2384
      2413
      2384
      2370
      2410
      2375
      2412
      2396
      2415
      2438
      2261
      2263
      2324
      2279
      2249
      2332
      2259
      2383
      2331
      2300
      2165
      2232
      2278
      2238
      2245
      2148
      2157
      2224
      2247
      2211
      2261
      2220
      2134
      2188
      2124
      2202
      2141
      2196
      2099
      2079
      2090
      2154
      2070
      1968
      2068
      2011
      2057
      2097
      2026
      1924
      2095
      2099
      2014
      2027
      1970
      2005
      2092
      1995
      1987
      1981
      1959
      2043
      2007
      1979
      1982
      2035
      2050
      2055
      1913
      1990
      1965
      2022
      1974
      1991
      1955
      1925
      1928
      1892
      1949
      1921
      1935
      2014
      1939
      1864
      1876
      1862
      1914
      1889
      1897
      1906
      1875
      1811
      1941
      1856
      1869
      1829
      1919
      1837
      1826
      1794
      1816
      1852
      1775
      1777
      1807
      1751
      1793
      1807
      1795
      1716
      1785
      1754
      1709
      1732
      1710
      1721
      1745
      1760
      1712
      1751
      1796
      1688
      1779
      1726
      1716
      1752
      1720
      1751
      1690
      1722
      1689
      1669
      1704
      1630
      1665
      1665
      1680
      1707
      1685
      1622
      1696
      1644
      1739
      1619
      1676
      1618
      1647
      1647
      1690
      1651
      1617
      1620
      1690
      1683
      1699
      1590
      1538
      1572
      1538
      1624
      1620
      1645
      1584
      1586
      1542
      1597
      1537
      1576
      1598
      1581
      1555
      1532
      1606
      1498
      1519
      1535
      1530
      1522
      1564
      1569
      1505
      1547
      1570
      1576
      1542
      1609
      1593
      1572
      1477
      1474
      1511
      1502
      1473
      1459
      1587
      1466
      1528
      1512
      1506
      1454
      1470
      1526
      1497
      1470
      1510
      1535
      1465
      1490
      1489
      1466
      1456
      1482
      1478
      1494
      1508
      1427
      1438
      1495
      1434
      1456
      1444
      1443
      1438
      1466
      1539
      1423
      1434
      1351
      1460
      1432
      1445
      1486
      1351
      1417
      1396
      1391
      1357
      1452
      1467
      1463
      1394
      1402
      1345
      1367
      1392
      1406
      1399
      1412
      1345
      1400
      1393
      1348
      1492
      1410
      1441
      1343
      1369
      1357
      1385
      1318
      1347
      1387
      1311
      1392
      1414
      1382
      1313
      1366
      1361
      1337
      1366
      1344
      1380
      1294
      1344
      1330
      1390
      1305
      1371
      1353
      1377
      1376
      1368
      1314
      1334
      1326
      1329
      1371
      1336
      1387
      1387
      1322
      1325
      1376
      1310
      1285
      1278
      1316
      1305
      1277
      1253
      1251
      1286
      1224
      1290
      1285
      1288
      1273
      1266
      1277
      1337
      1326
      1267
      1280
      1247
      1237
      1290
      1251
      1223
      1254
      1316
      1262
      1282
      1261
      1258
      1344
      1310
      1241
      1245
      1265
      1296
      1278
      1252
      1241
      1310
      1269
      1334
      1227
      1290
      1248
      1286
      1290
      1276
      1287
      1187
      1272
      1181
      1276
      1245
      1267
      1241
      1296
      1179
      1251
      1242
      1270
      1270
      1341
      1319
      1225
      1273
      1259
      1298
      1266
      1247
      1223
      1279
      1190
      1241
      1275
      1275
      1327
      1319
      1280
      1266
      1288
      1228
      1279
      1233
      1235
      1273
      1239
      1206
      1272
      1254
      1260
      1192
      1297
      1307
      1193
      1258
      1249
      1223
      1257
      1241
      1199
      1258
      1169
      1312
      1222
      1290
      1252
      1235
      1193
      1319
      1258
      1216
      1230
      1305
      1277
      1213
      1156
      1190
      1206
      1233
      1161
      1246
      1181
      1213
      1235
      1211
      1257
      1229
      1235
      1245
      1174
      1226
      1194
      1176
      1207
      1149
      1164
      1201
      1176
      1181
      1126
      1180
      1158
      1088
      1129
      1184
      1189
      1151
      1172
      1183
      1112
      1205
      1186
      1188
      1180
      1248
      1132
      1170
      1257
      1185
      1162
      1165
      1193
      1111
      1114
      1161
      1180
      1158
      1152
      1149
      1162
      1143
      1154
      1131
      1144
      1136
      1151
      1144
      1131
      1133
      1155
      1160
      1171
      1122
      1163
      1119
      1160
      1114
      1158
      1173
      1185
      1163
      1206
      1188
      1186
      1176
      1136
      1175
      1189
      1093
      1134
      1125
      1169
      1132
      1204
      1121
      1124
      1137
      1152
      1177
      1131
      1213
      1189
      1175
      1147
      1186
      1163
      1195
      1232
      1192
      1159
      1175
      1201
      1166
      1200
      1132
      1146
      1242
      1153
      1141
      1122
      1204
      1214
      1170
      1177
      1153
      1159
      1176
      1162
      1159
      1134
      1166
      1189
      1157
      1172
      1146
      1163
      1216
      1223
      1199
      1113
      1169
      1170
      1177
      1197
      1142
      1181
      1147
      1172
      1132
      1216
      1158
      1157
      1186
      1173
      1119
      1208
      1173
      1194
      1143
      1135
      1156
      1072
      1161
      1171
      1166
      1182
      1194
      1139
      1146
      1139
      1210
      1099
      1140
      1163
      1155
      1249
      1198
      1177
      1214
      1196
      1159
      1185
      1215
      1243
      1123
      1142
      1209
      1137
      1164
      1183
      1134
      1131
      1193
      1174
      1177
      1115
      1185
      1190
      1145
      1162
      1203
      1138
      1241
      1145
      1152
      1162
      1197
      1141
      1212
      1122
      1172
      1227
      1180
      1146
      1167
      1145
      1177
      1137
      1133
      1160
      1135
      1169
      1128
      1157
      1192
      1113
      1093
      1141
      1107
      1143
      1051
      1072
      1073
      1151
      1088
      1133
      1101
      1016
      1161
      1027
      1082
      1101
      1099
      1047
      1076
      1034
      1021
      1104
      1101
      1021
      1026
      1022
      1018
      1020
      1006
       969
       969
       933
       998
       961
       959
       980
       958
       942
       924
       947
       981
       930
       965
       925
       956
       938
       936
       918
       842
       927
       896
       855
       897
       890
       891
       871
       837
       834
       840
       834
       863
       820
       866
       837
       835
       852
       835
       899
       838
       828
       858
       861
       835
       869
       817
       768
       860
       857
       821
       802
       829
       805
       780
       822
       846
       770
       797
       800
       827
       804
       838
       764
       831
       793
       814
       855
       806
       782
       735
       776
       825
       812
       739
       843
       789
       793
       786
       764
       796
       785
       827
       823
       802
       818
       736
       819
       812
       826
       774
       797
       788
       801
       786
       771
       807
       772
       803
       784
       731
       801
       773
       749
       716
       764
       793
       812
       759
       787
       807
       793
       764
       774
       784
       749
       720
       766
       775
       812
       787
       815
       786
       755
       813
       797
       755
       776
       767
       763
       733
       749
       743
       773
       748
       829
       761
       789
       788
       821
       778
       799
       801
       749
       862
       891
       890
       867
       935
       865
       923
       976
       965
       994
       970
       978
      1051
      1065
      1114
      1078
      1132
      1221
      1190
      1190
      1320
      1270
      1385
      1435
      1530
      1526
      1544
      1708
      1663
      1823
      1798
      1797
      1853
      2063
      2067
      2087
      2223
      2262
      2291
      2305
      2384
      2459
      2517
      2589
      2747
      2677
      2702
      2818
      2856
      2970
      2996
      2952
      3005
      3083
      3206
      3125
      3112
      3063
      3283
      3209
      3139
      3257
      3168
      3247
      3323
      3310
      3275
      3188
      3144
      3242
      3229
      3131
      3081
      3071
      3036
      2952
      2956
      2899
      2828
      2750
      2684
      2738
      2540
      2537
      2467
      2358
      2377
      2206
      2132
      2100
      2038
      1994
      1790
      1846
      1696
      1664
      1615
      1557
      1543
      1402
      1282
      1246
      1289
      1225
      1128
      1068
       982
       918
       896
       885
       839
       799
       721
       703
       666
       596
       577
       533
       595
       476
       515
       475
       434
       418
       402
       355
       346
       371
       322
       313
       289
       294
       264
       305
       252
       257
       250
       224
       252
       252
       218
       208
       222
       241
       253
       230
       254
       252
       223
       252
       289
       270
       262
       254
       300
       300
       303
       328
       340
       339
       383
       381
       424
       441
       456
       540
       494
       527
       540
       574
       621
       637
       707
       711
       772
       828
       795
       917
       906
       952
       985
      1006
      1029
      1058
      1193
      1251
      1252
      1355
      1395
      1414
      1490
      1578
      1602
      1692
      1729
      1654
      1852
      1836
      1907
      2012
      2066
      2148
      2104
      2219
      2303
      2269
      2336
      2423
      2361
      2470
      2451
      2533
      2531
      2637
      2594
      2622
      2718
      2788
      2665
      2753
      2653
      2753
      2667
      2659
      2770
      2675
      2711
      2691
      2689
      2653
      2576
      2586
      2602
      2667
      2496
      2494
      2454
      2397
      2309
      2326
      2234
      2238
      2173
      2125
      2054
      2019
      1985
      1890
      1835
      1770
      1732
      1669
      1614
      1596
      1497
      1484
      1334
      1339
      1350
      1284
      1185
      1113
      1056
      1027
      1032
       962
       916
       863
       772
       746
       671
       679
       625
       564
       599
       552
       487
       456
       429
       433
       367
       342
       321
       312
       272
       260
       240
       254
       227
       218
       176
       160
       142
       129
       133
       108
       115
       106
        89
        91
        58
        85
        74
        57
        62
        47
        61
        36
        48
        43
        40
        28
        25
        25
        23
        20
        21
        18
        14
        21
        11
        12
         7
        12
        14
         3
         9
         6
         8
        10
        13
        14
        10
        12
         9
        11
         8
         7
         5
         5
        10
         8
         2
         5
         5
         6
         4
         4
         7
         6
        10
         9
         4
         5
         8
         6
         7
         8
         4
         3
         4
         7
         4
         6
         4
         8
         8
         8
         4
         9
         6
         5
         2
         6
         4
         3
         4
         9
         4
         7
         6
         4
         4
         3
         7
         8
         2
         2
         4
         5
         7
         3
         3
         6
         4
         7
         1
         5
         2
         4
         5
         1
         5
         4
         4
         1
         3
         7
         9
         7
         5
         4
         4
         5
         5
         6
         6
         3
         4
         5
         6
         2
         7
         2
         6
         4
         7
         4
         7
         5
         7
         5
         6
         6
         8
         5
         3
         5
         4
         6
         4
         3
         5
         6
         5
         4
         2
         5
         2
         6
         1
         4
         6
         1
         3
         9
         6
         6
         8
         4
         4
         5
         6
         4
         3
         3
         7
         7
        10
         1
         7
         4
         4
         3
         1
         2
         0
         5
         4
         6
         4
         2
         3
         1
         2
         3
         4
         2
         1
         0
         4
         2
         1
         1
         3
         3
         8
         3
         6
         2
         3
         2
         4
         3
         3
         2
         2
         3
         3
         2
         5
         1
         5
         2
         2
         4
         1
         4
         2
         4
         2
         1
         3
         2
         2
         3
         6
         7
         3
         0
         3
         2
         4
         2
         5
         3
         5
         2
         4
         2
         2
         1
         4
         4
         1
         5
         3
         2
         1
         3
         5
         5
         3
         2
         2
         1
         1
         3
         0
         2
         0
         1
         2
         1
         1
         0
         5
         2
         2
         1
         0
         4
         1
         0
         3
         1
         4
         4
         3
         2
         0
         2
         1
         1
         1
         2
         1
         1
         0
         1
         1
         0
         0
         3
         0
         1
         2
         1
         1
         0
         0
         2
         2
         1
         3
         3
         1
         2
         3
         3
         1
         3
         3
         2
         3
         3
         2
         1
         4
         5
         3
         2
         5
         2
         3
         1
         3
         1
         1
         2
         2
         1
         2
         2
         1
         2
         3
         0
         3
         4
         3
         1
         1
         3
         2
         2
         1
         3
         5
         3
         1
         2
         1
         4
         2
         1
         5
         2
         1
         3
         2
         3
         3
         4
         1
         5
         3
         2
         1
         2
         1
         2
         0
         6
         5
         1
         0
         2
         0
         1
         7
         4
         3
         2
         2
         4
         1
         3
         0
         1
         1
         1
         2
         4
         6
         5
         2
         3
         2
         4
         4
         0
         2
         3
         3
         1
         6
         2
         2
         5
         4
         9
         2
         1
         3
         2
         8
         2
         4
         4
         3
         7
         5
         2
         2
         8
         1
         3
         2
         4
         1
         5
         4
         3
         2
         3
         4
         1
         1
         1
         4
         2
         3
         6
         2
         1
         4
         1
         2
         3
         1
         3
         3
         4
         4
         3
         3
         2
         1
         1
         3
         1
         3
         3
         1
         1
         1
         1
         2
         2
         0
         2
         1
         2
         1
         2
         1
         2
         7
         1
         4
         2
         1
         1
         0
         2
         1
         3
         0
         3
         0
         0
         5
         3
         2
         1
         1
         0
         2
         1
         1
         3
         1
         0
         1
         4
         2
         2
         2
         1
         1
         2
         2
         0
         2
         1
         1
         0
         0
         1
         0
         1
         1
         0
         1
         1
         2
         1
         0
         1
         2
         0
         0
         3
         1
         4
         3
         2
         2
         3
         0
         0
         2
         2
         0
         3
         0
         4
         1
         2
         0
         1
         1
         2
         0
         1
         1
         1
         2
         1
         5
         0
         1
         2
         3
         1
         0
         0
         2
         3
         3
         2
         1
         1
         0
         0
         2
         1
         0
         2
         2
         1
         1
         2
         1
         2
         7
         2
         1
         2
         0
         0
         2
         2
         1
         2
         4
         3
         0
         0
         1
         1
         3
         0
         1
         0
         1
         3
         1
         1
         0
         0
         2
         1
         1
         0
         0
         0
         5
         1
         3
         0
         1
         2
         2
         1
         2
         0
         1
         4
         0
         1
         1
         4
         1
         0
         1
         1
         2
         0
         0
         4
         2
         1
         2
         0
         2
         4
         1
         3
         0
         1
         0
         0
         1
         3
         3
         0
         1
         1
         1
         1
         0
         2
         0
         1
         1
         0
         2
         3
         2
         0
         1
         3
         3
         0
         0
         1
         0
         1
         0
         0
         2
         1
         0
         1
         0
         0
         1
         2
         2
         0
         0
         2
         1
         0
         0
         0
         1
         1
         0
         0
         0
         0
         1
         0
         0
         1
         1
         1
         1
         0
         2
         0
         1
         1
         0
         3
         2
         0
         0
         2
         1
         0
         1
         1
         2
         0
         1
         0
         0
         0
         2
         0
         0
         1
         1
         3
         1
         1
         2
         1
         0
         1
         1
         1
         3
         1
         0
         2
         0
         0
         1
         1
         2
         1
         1
         1
         1
         1
         2
         0
         1
         2
         0
         0
         2
         3
         2
         0
         0
         4
         2
         2
         1
         1
         1
         2
         2
         4
         1
         0
         2
         0
         1
         0
         0
         2
         4
         0
         1
         3
         1
         2
         0
         3
         1
         2
         0
         2
         1
         1
         0
         0
         0
         1
         0
         2
         3
         1
         1
         3
         0
         0
         2
         0
         1
         0
         2
         0
         1
         1
         1
         0
         0
         1
         1
         0
         0
         0
         0
         0
         0
         1
         2
         1
         1
         1
         2
         1
         2
         1
         1
         3
         1
         1
         2
         0
         2
         1
         0
         1
         1
         1
         1
         1
         1
         0
         4
         0
         4
         0
         1
         0
         0
         0
         0
         4
         0
         2
         0
         0
         1
         0
         0
         0
         2
         1
         0
         3
         1
         0
         2
         3
         1
         2
         1
         1
         1
         0
         1
         1
         4
         0
         2
         0
         4
         1
         0
         2
         0
         0
         0
         3
         2
         1
         2
         1
         0
         0
         1
         1
         1
         3
         2
         1
         2
         1
         0
         0
         1
         0
         2
         0
         1
         2
         1
         5
         1
         1
         1
         2
         1
         2
         3
         1
         0
         3
         0
         1
         1
         1
         0
         1
         1
         2
         4
         1
         0
         1
         2
         2
         2
         0
         1
         3
         0
         1
         1
         1
         0
         2
         1
         1
         1
         0
         1
         1
         2
         0
         1
         1
         0
         0
         1
         2
         0
         2
         1
         1
         1
         0
         0
         2
         2
         2
         0
         0
         1
         0
         1
         1
         1
         0
         1
         0
         1
         0
         1
         1
         0
         1
         0
         0
         1
         2
         0
         1
         2
         0
         1
         1
         1
         1
         0
         1
         0
         1
         0
         0
         0
         0
         0
         2
         2
         0
         4
         1
         0
         0
         2
         0
         2
         0
         1
         1
         1
         0
         1
         1
         2
         0
         0
         0
         0
         3
         0
         2
         2
         0
         0
         2
         2
         5
         3
         2
         0
         1
         2
         0
         1
         1
         2
         0
         2
         2
         1
         3
         1
         4
         2
         0
         1
         3
         1
         1
         3
         1
         3
         0
         4
         3
         4
         3
         2
         2
         2
         1
         6
         2
         3
         1
         3
         2
         2
         1
         2
         1
         1
         3
         1
         5
         4
         2
         1
         1
         1
         1
         0
         1
         0
         1
         1
         1
         4
         1
         0
         0
         0
         1
         1
         1
         1
         1
         0
         1
         1
         1
         1
         0
         2
         2
         0
         0
         0
         0
         2
         2
         1
         0
         3
         1
         1
         0
         0
         1
         0
         1
         0
         0
         1
         1
         0
         0
         0
         0
         1
         2
         0
         0
         1
         2
         1
         0
         0
         1
         0
         0
         0
         0
         0
         0
         0
         0
         0
         1
         0
         0
         0
         0
         0
         0
         0
         0
         0
         0
         0
         0
         0
         0
         0
         0
         0
         0
         0
         1
         0
         0
         0
         0
         0
         0
         0
         0
         0
         0
         1
         0
         0
         0
         0
         0
         0
         0
         0
         0
         0
         0
         0
         0
         1
         0
         0
         0
         0
         0
         0
         0
         0
         0
         0
         0
         0
         1
         0
         0
         0
         0
         0
         0
         0
         0
         0
         0
         0
         0
         0
         0
         0
         0
         0
         0
         0
         0
         0
         0
         0
         0
         0
         0
         0
         0
         0
         0
         0
         0
         0
         0
         0
         0
         0
         0
         0
         0
         0
         0
         0
         0
         0
         0
         0
         0
         0
         0
         0
         0
         0
         0
         0
         0
         0
         0
         0
         0
         0
         0
         0
         0
         0
         0
         0
         0
         0
         0
         0
         0
         0
         0
         0
         0
         0
         0
         0
         0
         0
         0
         0
         0
         0
         0
         0
         0
         0
         0
         0
         0
         0
         0
         0
         0
         0
         0
         0
         0
         0
         0
         0
         0
         0
         0
         0
         0
         0
         0
         0
         0
         0
         0
         0
         0
         0
         0
         0
         0
         0
         0
         0
         0
         0
         0
         0
         0
         0
         0
         0
         0
         0
         0
         0
         0
         0
         0
         0
         0
         0
         0
         0
         0
         0
         0
         0
         0
         0
         0
         0
         0
         0
         0
         0
         0
         0
         0
         0
         0
         0
         0
         0
         0
         0
         0
         0
         0
         0
         0
         0
         0
         0
         0
         0
         0
         0
         0
         0
         0
         0
         0
         0
         0
         0
         0
         0
         0
         0
         0
         0
         0
         0
         0
         0
         0
         0
         0
         0
         0
         0
         0
         0
         0
         0
         0
         0
         0
         0
         0
         0
         0
         0
         0
         0
         0
         0
         0
         0
         0
         0
         0
         0
         0
         0
         0
         0
         0
         0
         0
         0
         0
         0
         0
         0
         0
         0
         0
         0
         0
         0
         0
         0
         0
         0
         0
         0
         0
         0
         0
         0
         0
         0
         0
         0
         0
         0
         0
         0
         0
         0
         0
         0
         0
         0
         0
         0
         0
         0
         0
         0
         0
         0
         0
         0
         0
         0
         0
         0
         0
         0
         0
         0
         0
         0
         0
         0
         0
         0
         0
         0
         0
         0
         0
         0
         0
         0
         0
         0
         0
         0
         0
         0
         0
         0
         0
         0
         0
         0
         0
         0
         0
         0
         0
         0
         0
         0
         0
         0
         0
         0
         0
         0
         0
         0
         0
         0
         0
         0
         0
         0
         0
         0
         0
         0
         0
         0
         0
         0
         0
         0
         0
         0
         0
         0
         0
         0
         0
         0
         0
         0
         0
         0
         0
         0
         0
