         0
         0
         0
         0
         0
         0
         0
         0
         0
         0
      1001
       931
       964
      1061
      1085
      1116
      1074
      1171
      1154
      1104
      1054
      1088
      1121
      1096
      1084
      1162
      1171
      1189
      1113
      1211
      1203
      1140
      1221
      1208
      1204
      1248
      1242
      1217
      1234
      1215
      1195
      1162
      1126
      1131
      1175
      1051
      1101
      1120
      1142
      1104
      1058
      1111
      1122
      1103
      1137
      1151
      1173
      1150
      1198
      1211
      1214
      1246
      1175
      1255
      1233
      1249
      1193
      1192
      1200
      1246
      1176
      1187
      1180
      1170
      1182
      1177
      1105
      1106
      1113
      1119
      1127
      1136
      1097
      1111
      1188
      1107
      1144
      1200
      1192
      1253
      1138
      1171
      1190
      1222
      1185
      1190
      1216
      1202
      1130
      1140
      1199
      1228
      1185
      1241
      1208
      1181
      1166
      1201
      1221
      1251
      1166
      1167
      1169
      1211
      1147
      1183
      1164
      1177
      1175
      1196
      1138
      1240
      1195
      1194
      1250
      1226
      1154
      1219
      1243
      1164
      1234
      1200
      1201
      1261
      1230
      1250
      1256
      1174
      1190
      1188
      1285
      1180
      1206
      1215
      1271
      1246
      1256
      1295
      1253
      1212
      1184
      1207
      1275
      1262
      1207
      1215
      1220
      1156
      1133
      1170
      1127
      1211
      1220
      1182
      1159
      1194
      1203
      1215
      1169
      1123
      1205
      1192
      1186
      1139
      1179
      1222
      1187
      1272
      1214
      1228
      1140
      1209
      1254
      1203
      1191
      1251
      1267
      1161
      1202
      1207
      1244
      1202
      1252
      1301
      1294
      1295
      1259
      1370
      1262
      1348
      1344
      1358
      1415
      1364
      1442
      1424
      1417
      1367
      1474
      1531
      1534
      1549
      1534
      1591
      1563
      1672
      1650
      1604
      1660
      1602
      1672
      1681
      1623
      1726
      1690
      1650
      1715
      1691
      1774
      1646
      1658
      1606
      1703
      1670
      1603
      1668
      1665
      1653
      1647
      1642
      1596
      1593
      1606
      1683
      1693
      1643
      1581
      1621
      1649
      1603
      1491
      1609
      1560
      1609
      1591
      1563
      1594
      1529
      1546
      1582
      1584
      1564
      1541
      1563
      1520
      1601
      1549
      1474
      1507
      1538
      1581
      1432
      1527
      1525
      1445
      1575
      1508
      1461
      1458
      1457
      1486
      1471
      1477
      1466
      1504
      1531
      1435
      1441
      1486
      1468
      1434
      1398
      1472
      1427
      1446
      1472
      1435
      1520
      1480
      1515
      1484
      1469
      1389
      1566
      1532
      1439
      1415
      1442
      1561
      1401
      1443
      1569
      1531
      1426
      1434
      1465
      1485
      1446
      1500
      1416
      1412
      1377
      1466
      1422
      1377
      1358
      1414
      1362
      1414
      1398
      1362
      1371
      1352
      1353
      1288
      1312
      1382
      1381
      1400
      1327
      1361
      1345
      1349
      1362
      1384
      1382
      1392
      1339
      1347
      1329
      1336
      1350
      1334
      1303
      1310
      1348
      1342
      1322
      1304
      1411
      1358
      1391
      1296
      1285
      1298
      1313
      1321
      1365
      1370
      1352
      1311
      1389
      1323
      1357
      1344
      1351
      1285
      1304
      1264
      1310
      1335
      1366
      1349
      1328
      1269
      1334
      1363
      1335
      1333
      1295
      1376
      1337
      1314
      1338
      1324
      1365
      1386
      1371
      1327
      1314
      1321
      1398
      1288
      1217
      1304
      1285
      1310
      1301
      1286
      1265
      1257
      1272
      1255
      1335
      1247
      1336
      1274
      1248
      1246
      1320
      1214
      1316
      1326
      1238
      1284
      1324
      1333
      1238
      1243
      1233
      1276
      1237
      1356
      1259
      1306
      1245
      1230
      1164
      1302
      1237
      1335
      1238
      1331
      1223
      1281
      1291
      1252
      1342
      1313
      1233
      1259
      1259
      1297
      1238
      1245
      1291
      1287
      1304
      1226
      1252
      1238
      1315
      1244
      1166
      1241
      1289
      1214
      1258
      1237
      1217
      1240
      1285
      1244
      1215
      1266
      1297
      1211
      1274
      1181
      1204
      1322
      1227
      1270
      1227
      1238
      1200
      1287
      1211
      1258
      1287
      1274
      1205
      1249
      1255
      1183
      1283
      1259
      1256
      1249
      1240
      1224
      1212
      1287
      1219
      1231
      1199
      1233
      1262
      1233
      1267
      1215
      1227
      1253
      1264
      1175
      1233
      1221
      1212
      1144
      1167
      1249
      1218
      1283
      1286
      1236
      1194
      1215
      1177
      1212
      1259
      1275
      1230
      1301
      1205
      1293
      1218
      1192
      1229
      1271
      1231
      1254
      1181
      1204
      1197
      1218
      1217
      1236
      1304
      1263
      1294
      1263
      1269
      1254
      1189
      1240
      1226
      1182
      1244
      1218
      1305
      1199
      1230
      1283
      1245
      1255
      1189
      1210
      1228
      1207
      1271
      1198
      1181
      1237
      1174
      1255
      1305
      1183
      1192
      1189
      1200
      1211
      1218
      1233
      1199
      1207
      1232
      1235
      1159
      1225
      1218
      1157
      1238
      1227
      1239
      1199
      1223
      1245
      1155
      1174
      1226
      1204
      1231
      1205
      1233
      1222
      1290
      1301
      1226
      1256
      1266
      1230
      1212
      1243
      1281
      1188
      1196
      1264
      1242
      1331
      1224
      1159
      1247
      1244
      1230
      1172
      1290
      1207
      1224
      1232
      1195
      1346
      1265
      1286
      1272
      1272
      1264
      1217
      1239
      1283
      1306
      1221
      1248
      1251
      1289
      1250
      1247
      1231
      1291
      1330
      1262
      1307
      1273
      1261
      1311
      1328
      1313
      1302
      1320
      1228
      1275
      1294
      1290
      1316
      1301
      1303
      1321
      1328
      1320
      1272
      1262
      1340
      1256
      1281
      1315
      1332
      1307
      1303
      1309
      1293
      1292
      1334
      1370
      1379
      1354
      1333
      1248
      1359
      1307
      1271
      1326
      1303
      1324
      1356
      1291
      1289
      1239
      1379
      1274
      1345
      1332
      1285
      1278
      1280
      1282
      1352
      1314
      1290
      1306
      1300
      1355
      1352
      1275
      1284
      1386
      1446
      1254
      1344
      1332
      1346
      1296
      1350
      1377
      1348
      1346
      1293
      1389
      1284
      1343
      1322
      1363
      1352
      1328
      1371
      1344
      1408
      1318
      1273
      1277
      1312
      1309
      1317
      1315
      1357
      1345
      1359
      1380
      1344
      1319
      1358
      1389
      1375
      1316
      1338
      1362
      1353
      1309
      1296
      1356
      1386
      1292
      1335
      1323
      1369
      1347
      1368
      1300
      1274
      1296
      1355
      1372
      1410
      1409
      1347
      1418
      1325
      1362
      1370
      1362
      1362
      1338
      1417
      1364
      1406
      1404
      1383
      1440
      1410
      1440
      1414
      1396
      1485
      1411
      1474
      1326
      1398
      1436
      1416
      1417
      1427
      1405
      1463
      1469
      1408
      1391
      1467
      1402
      1552
      1454
      1437
      1454
      1470
      1521
      1504
      1467
      1514
      1466
      1512
      1482
      1536
      1482
      1476
      1462
      1432
      1477
      1478
      1448
      1451
      1470
      1436
      1508
      1500
      1511
      1478
      1474
      1469
      1378
      1436
      1454
      1448
      1434
      1427
      1454
      1477
      1483
      1558
      1518
      1463
      1456
      1447
      1467
      1458
      1533
      1458
      1531
      1477
      1535
      1458
      1482
      1443
      1429
      1536
      1459
      1492
      1502
      1504
      1517
      1500
      1483
      1485
      1522
      1496
      1468
      1496
      1499
      1478
      1480
      1524
      1459
      1498
      1591
      1510
      1490
      1561
      1538
      1535
      1535
      1515
      1468
      1661
      1496
      1498
      1523
      1517
      1636
      1535
      1667
      1542
      1503
      1619
      1591
      1561
      1533
      1558
      1626
      1514
      1598
      1522
      1551
      1602
      1577
      1541
      1517
      1568
      1579
      1569
      1623
      1643
      1631
      1586
      1540
      1579
      1546
      1546
      1655
      1635
      1589
      1529
      1581
      1609
      1602
      1642
      1548
      1534
      1570
      1580
      1612
      1501
      1568
      1535
      1544
      1551
      1475
      1522
      1537
      1496
      1505
      1529
      1498
      1478
      1504
      1476
      1516
      1425
      1455
      1421
      1387
      1427
      1460
      1404
      1394
      1390
      1353
      1355
      1354
      1398
      1363
      1319
      1331
      1342
      1284
      1315
      1294
      1201
      1260
      1265
      1237
      1243
      1260
      1262
      1234
      1275
      1245
      1167
      1118
      1218
      1198
      1164
      1178
      1143
      1114
      1146
      1100
      1129
      1086
      1135
      1119
      1115
      1096
      1162
      1086
      1094
      1064
      1071
      1054
      1037
      1003
      1064
      1018
      1082
      1044
      1041
       972
      1018
      1029
      1089
      1064
       990
      1056
       976
      1065
      1029
      1038
      1006
      1003
       985
      1060
      1054
       955
       989
      1084
      1035
       980
      1002
      1018
      1034
      1048
      1005
       989
       981
       989
       962
       942
      1015
      1027
      1003
      1022
       973
       956
      1057
       988
       943
       974
       930
      1009
       955
       937
      1024
       944
      1031
       990
       992
      1010
       935
       983
       934
      1021
       940
      1015
       889
       924
       963
       918
       921
      1004
       971
       947
       947
       944
       977
       939
       898
       925
       916
       955
       958
       929
       901
       891
       932
       953
       880
       967
       961
       922
       903
       921
       914
       921
       947
       912
       947
       987
       967
      1014
      1025
      1014
      1004
       987
      1048
      1079
      1117
      1074
      1176
      1186
      1233
      1178
      1273
      1348
      1441
      1449
      1550
      1555
      1602
      1649
      1795
      1736
      1794
      1981
      1982
      2111
      2157
      2364
      2443
      2428
      2610
      2590
      2748
      2829
      3040
      3120
      3172
      3302
      3463
      3670
      3779
      3931
      3998
      4098
      4232
      4328
      4446
      4591
      4600
      4743
      4992
      5087
      5089
      5240
      5429
      5488
      5590
      5580
      5713
      5980
      5808
      5865
      5837
      6018
      5937
      6198
      6170
      6181
      6124
      6189
      6064
      6059
      6104
      5906
      6095
      6085
      5877
      5812
      5702
      5685
      5668
      5404
      5374
      5192
      5339
      5100
      5087
      4733
      4748
      4652
      4500
      4158
      4125
      4085
      3807
      3806
      3592
      3528
      3366
      3241
      3059
      3014
      2724
      2619
      2550
      2460
      2377
      2270
      2044
      1960
      1875
      1814
      1698
      1661
      1499
      1413
      1295
      1287
      1238
      1076
       997
       958
       842
       840
       832
       728
       725
       610
       655
       590
       510
       438
       457
       456
       400
       411
       391
       354
       310
       328
       286
       306
       291
       272
       264
       286
       240
       281
       253
       272
       265
       280
       276
       312
       298
       321
       326
       329
       361
       387
       389
       432
       466
       447
       518
       552
       544
       582
       655
       712
       724
       759
       849
       882
       935
       925
      1020
      1129
      1187
      1215
      1340
      1311
      1442
      1481
      1618
      1703
      1811
      1712
      1858
      2029
      2152
      2127
      2346
      2379
      2474
      2583
      2661
      2825
      2973
      3029
      3219
      3214
      3370
      3378
      3536
      3706
      3820
      3770
      3950
      4004
      4154
      4257
      4253
      4259
      4274
      4207
      4554
      4532
      4762
      4652
      4712
      4799
      4843
      4872
      4928
      4988
      4946
      4938
      4966
      4915
      4800
      4955
      4895
      4666
      4810
      4805
      4626
      4627
      4678
      4635
      4535
      4487
      4418
      4356
      4202
      4090
      4020
      4001
      3915
      3737
      3707
      3525
      3552
      3348
      3251
      3220
      3035
      2933
      2855
      2732
      2672
      2538
      2410
      2353
      2223
      2144
      2123
      1942
      1901
      1791
      1695
      1644
      1641
      1562
      1337
      1322
      1182
      1188
      1075
      1042
      1004
       920
       845
       816
       725
       686
       631
       573
       577
       520
       511
       414
       391
       368
       357
       348
       314
       292
       264
       244
       220
       180
       193
       191
       155
       141
       137
       108
       109
        99
        96
        90
        73
        66
        60
        64
        48
        44
        40
        41
        31
        41
        21
        22
        27
        20
        22
        20
        17
        21
        11
        11
        10
        16
        11
        12
         9
         7
         7
        12
         4
        12
         3
         6
         5
         3
         7
         6
         3
         5
         3
         5
         6
         4
         3
         4
         2
         5
         5
         3
         2
         1
         0
         5
         3
         7
         6
         4
         6
         5
         3
         4
         3
         5
         7
         3
         6
         4
         4
         5
         2
         0
         7
         6
         5
         5
         1
         5
         7
         6
         3
         6
         4
         1
         2
         4
         3
         3
         2
         0
         2
         3
         6
         2
         5
         6
         3
         1
         7
         1
         4
         4
         5
         3
         3
         6
         8
         1
         2
         2
         1
         6
         5
         9
         2
         4
         2
         4
         4
         0
         2
         1
         4
         2
         2
         6
         8
         9
         6
         6
         4
         4
         2
         3
         5
         4
         5
         7
         3
         2
         4
         3
         2
         5
         5
         2
         8
         3
         5
         5
         5
         3
         7
         5
         3
         6
         6
         4
         4
         2
         3
         5
         3
         2
         5
         3
         4
         5
         8
         2
         5
         1
         8
         6
         6
         4
         4
         6
         5
         4
         2
         4
         5
         5
         4
         2
         5
         6
         4
         7
         5
         3
         4
         5
         5
         5
         9
         2
         3
         3
         1
         5
         7
         5
         4
        10
         6
         4
         5
         1
         6
         5
         4
         2
         8
         7
         4
         4
         4
         4
         7
         4
         4
         2
         3
         3
         4
         7
         2
         6
         7
         2
         4
         5
         6
         9
         2
        10
        10
         8
         6
         3
         5
         3
         3
         4
         8
         8
         6
         9
         6
         6
         3
         4
         2
         5
         9
         2
         4
         3
         3
         6
         3
         8
         2
         5
         6
         3
         4
         2
         5
         1
         3
         4
         4
         3
         2
         0
         7
         6
         4
         4
         2
         2
         4
         1
         3
         5
         4
         4
         3
         2
         3
         6
         3
         5
         4
         1
         2
         3
         1
         4
         1
         2
         3
         4
         8
         4
         4
         5
         5
         3
         3
         2
         3
         1
         3
         1
         6
         5
         1
         1
         5
         5
         4
         3
         4
         6
         4
         0
         3
         1
         4
         1
         1
         5
         4
         5
         1
         0
         6
         2
         2
         3
         2
         3
         8
         3
         4
         5
         3
         2
         2
         2
         4
         2
         3
         3
         2
         6
         3
         2
         5
         1
         5
         2
         3
         1
         8
         5
         7
         4
         2
         5
         4
         5
         2
         3
         6
         7
         5
         4
         3
         5
         3
         1
         5
         4
         6
         0
         7
         6
         6
         3
         7
         1
         3
         3
         4
         2
         4
         2
         1
         3
         7
         3
         2
         5
         5
         3
         3
         6
         4
         2
         0
         4
         2
         3
         4
         1
         5
         5
         6
         4
         5
         2
         1
         3
         6
         3
         5
         2
         3
         3
         2
         2
         2
         3
         4
         3
         3
         3
         4
         2
         1
         5
         4
         6
         4
         4
         8
         4
         6
         2
         2
         9
         5
         5
         1
         2
         3
         1
         5
         2
         4
         4
         6
         3
         6
         6
         5
         5
         6
         3
         3
         1
         4
         1
         3
         4
         1
         3
         2
         4
         2
         6
         2
         3
         2
         4
         5
         3
         3
         2
         3
         1
         3
         3
         4
         2
         6
         3
         2
         4
         7
         7
         3
         5
         3
         3
         2
         6
         5
         2
         3
         6
         3
         6
         4
         3
         5
         1
         5
         2
         2
         1
         2
         5
         5
         5
         5
         3
         7
         1
         3
         2
         2
         3
         1
         1
         4
         4
         0
         5
         4
         2
         6
         6
         3
         3
         4
         6
         3
         6
         8
         5
         3
         5
         3
         5
         3
         3
         4
         2
         1
         3
         4
         2
         3
         2
         7
         5
         5
         1
         2
         3
         3
         4
         1
         2
         9
         3
         1
         3
         5
         0
         2
         1
         1
         2
         0
         4
         6
         7
         3
         1
         4
         5
         7
         1
         7
         4
         5
         4
         2
         4
         0
         5
         1
         1
         3
         4
         0
         2
         5
         3
         4
         2
         4
         2
         4
         1
         2
         6
         4
         2
         3
         3
         2
         3
         1
         2
         2
         4
         2
         3
         1
         5
         2
         3
         3
         3
         3
         4
         5
         0
         4
         6
         3
         2
         8
         1
         2
         2
         2
         1
         4
         4
         7
         5
         3
         2
         3
         3
         4
         3
         2
         3
         3
         0
         4
         1
         5
         3
         2
         3
         9
         5
         0
         1
         2
         2
         2
         3
         1
         1
         1
         3
         2
         3
         4
         4
         2
         4
         1
         4
         3
         5
         2
         4
         2
         3
         1
         5
         1
         3
         0
         4
         3
         3
         1
         3
         3
         1
         1
         2
         4
         3
         1
         1
         1
         2
         1
         4
         5
         3
         3
         2
         1
         4
         2
         3
         3
         4
         3
         2
         2
         2
         3
         3
         1
         2
         3
         3
         2
         3
         3
         4
         4
         5
         5
         1
         4
         4
         2
         0
         3
         0
         1
         1
         4
         1
         3
         1
         5
         3
         5
         2
         2
         3
         2
         1
         3
         5
         4
         3
         2
         5
         2
         2
         3
         2
         0
         2
         3
         1
         3
         1
         4
         3
         3
         5
         6
         2
         5
         1
         5
         5
         2
         3
         5
         2
         3
         6
         2
         2
         3
         3
         3
         5
         3
         3
         2
         5
         5
         7
         4
         3
         5
         3
         5
         2
         8
         2
         1
         0
         2
         2
         5
         3
         2
         2
         4
         2
         2
         3
         4
         3
         3
         5
         2
         7
         3
         5
         7
         2
         1
         3
         2
         2
         4
         4
         1
         6
         5
         2
         6
         4
         0
         2
         2
         1
         3
         4
         0
         2
         1
         6
         5
         2
         3
         1
         1
         3
         3
         1
         0
         2
         1
         1
         2
         2
         0
         4
         2
         1
         2
         1
         1
         3
         0
         1
         1
         2
         1
         0
         1
         0
         2
         3
         0
         2
         4
         1
         1
         2
         0
         1
         0
         6
         1
         0
         2
         1
         0
         1
         0
         0
         1
         1
         0
         2
         0
         3
         0
         0
         3
         1
         0
         0
         0
         1
         1
         0
         2
         1
         0
         2
         0
         0
         0
         0
         0
         0
         1
         0
         1
         0
         0
         1
         0
         0
         1
         0
         0
         0
         1
         1
         0
         3
         0
         1
         3
         0
         0
         0
         0
         0
         0
         1
         0
         0
         1
         1
         0
         1
         0
         1
         1
         2
         0
         0
         0
         0
         1
         1
         0
         0
         1
         0
         1
         0
         0
         4
         1
         0
         1
         0
         1
         1
         1
         1
         1
         3
         0
         0
         3
         2
         1
         3
         2
         5
         3
         0
         1
         1
         4
         3
         1
         2
         0
         1
         1
         3
         1
         2
         3
         1
         5
         3
         6
         3
         4
         8
         3
         3
         6
         4
         4
         1
         3
         3
         5
         6
         2
         6
         5
         7
         7
         4
         4
         8
         6
         6
         5
        10
         6
         6
         5
         7
         3
         1
         8
         6
         7
         3
         6
         4
         7
         5
         6
         5
         3
         6
         6
         5
         9
         6
         9
         4
         9
         7
         5
         7
         5
         6
        10
         7
         2
         4
         5
        12
         7
         2
         9
         9
         2
         9
         6
         6
         4
        11
        10
         9
         2
        14
         3
         8
         1
         4
         3
         5
         5
         7
         8
         1
         9
         7
         3
         5
         6
         2
         3
         3
         1
         5
         4
         8
         3
         3
         4
         6
         6
         4
         2
         6
         2
         2
         6
         0
         2
         3
         2
         3
         2
         4
         5
         4
         0
         1
         1
         3
         1
         2
         3
         2
         4
         2
         3
         2
         1
         2
         2
         5
         0
         3
         2
         0
         2
         1
         0
         0
         0
         1
         1
         0
         1
         0
         0
         2
         0
         1
         5
         2
         0
         1
         0
         0
         1
         1
         0
         0
         0
         0
         0
         1
         0
         1
         0
         0
         0
         0
         2
         0
         0
         0
         0
         1
         0
         1
         0
         0
         0
         0
         0
         0
         0
         0
         0
         0
         0
         0
         0
         0
         0
         0
         0
         0
         0
         0
         0
         0
         0
         1
         0
         1
         0
         0
         0
         0
         0
         0
         0
         0
         0
         0
         0
         0
         0
         0
         0
         0
         0
         0
         0
         0
         0
         0
         0
         0
         0
         0
         0
         0
         0
         0
         0
         0
         0
         0
         0
         0
         0
         0
         0
         0
         0
         0
         0
         0
         0
         0
         0
         0
         0
         0
         0
         0
         0
         0
         0
         0
         0
         0
         0
         0
         0
         0
         0
         0
         0
         0
         0
         0
         0
         0
         0
         0
         0
         0
         0
         0
         0
         0
         0
         0
         0
         0
         0
         0
         0
         0
         0
         0
         0
         0
         0
         0
         0
         0
         0
         0
         0
         0
         0
         0
         0
         0
         0
         0
         0
         0
         0
         0
         0
         0
         0
         0
         0
         0
         0
         0
         0
         0
         0
         0
         0
         0
         0
         0
         0
         0
         0
         0
         0
         0
         0
         0
         0
         0
         0
         0
         0
         0
         0
         0
         0
         0
         0
         0
         0
         0
         0
         0
         0
         0
         0
         0
         0
         0
         0
         0
         0
         0
         0
         0
         0
         0
         0
         0
         0
         0
         0
         0
         0
         0
         0
         0
         0
         0
         0
         0
         0
         0
         0
         0
         0
         0
         0
         0
         0
         0
         0
         0
         0
         0
         0
         0
         0
         0
         0
         0
         0
         0
         0
         0
         0
         0
         0
         0
         0
         0
         0
         0
         0
         0
         0
         0
         0
         0
         0
         0
         0
         0
         0
         0
         0
         0
         0
         0
         0
         0
         0
         0
         0
         0
         0
         0
         0
         0
         0
         0
         0
         0
         0
         0
         0
         0
         0
         0
         0
         0
         0
         0
         0
         0
         0
         0
         0
         0
         0
         0
         0
         0
         0
         0
         0
         0
         0
         0
         0
         0
         0
         0
         0
         0
         0
         0
         0
         0
         0
         0
         0
         0
         0
         0
         0
         0
         0
         0
         0
         0
         0
         0
         0
         0
         0
         0
         0
         0
         0
         0
         0
         0
         0
         0
         0
         0
         0
         0
         0
         0
         0
         0
         0
         0
         0
         0
         0
         0
         0
         0
         0
         0
         0
         0
         0
         0
         0
         0
         0
         0
         0
         0
         0
         0
         0
         0
         0
         0
         0
         0
         0
         0
         0
         0
         0
         0
         0
         0
         0
         0
         0
         0
         0
