         0
         0
         0
         0
         0
         0
         0
         0
         0
         0
      1139
      1299
      1244
      1246
      1225
      1149
      1117
      1096
      1197
      1133
      1101
      1111
      1204
      1190
      1259
      1152
      1165
      1130
      1132
      1171
      1170
      1073
      1199
      1228
      1234
      1227
      1216
      1196
      1240
      1159
      1230
      1238
      1232
      1247
      1242
      1329
      1260
      1247
      1329
      1269
      1225
      1228
      1196
      1241
      1159
      1158
      1165
      1273
      1128
      1203
      1124
      1187
      1181
      1257
      1197
      1248
      1221
      1245
      1322
      1278
      1358
      1286
      1400
      1324
      1354
      1264
      1328
      1317
      1352
      1337
      1443
      1432
      1425
      1476
      1536
      1507
      1571
      1556
      1532
      1605
      1626
      1599
      1558
      1591
      1644
      1647
      1698
      1760
      1697
      1661
      1743
      1813
      1732
      1786
      1799
      1843
      1883
      1909
      1938
      2018
      2002
      1981
      2045
      2247
      2196
      2265
      2186
      2212
      2317
      2374
      2254
      2379
      2396
      2342
      2447
      2548
      2541
      2537
      2606
      2556
      2523
      2648
      2561
      2591
      2749
      2616
      2658
      2729
      2725
      2699
      2700
      2767
      2703
      2833
      2859
      2839
      2808
      2915
      2766
      2833
      2901
      2888
      2860
      2902
      2883
      2995
      2878
      3015
      2982
      2868
      2916
      2955
      2847
      2986
      3004
      2910
      2964
      2928
      2921
      3012
      2894
      2993
      3038
      2971
      2854
      2866
      2946
      2987
      2918
      2941
      3001
      2942
      2932
      2975
      2942
      2803
      2968
      2879
      2918
      2964
      3001
      2864
      2936
      3037
      3040
      2944
      2942
      3026
      2958
      2992
      2894
      2982
      2942
      2953
      3012
      2979
      3059
      3068
      2964
      2952
      3038
      3050
      3004
      3051
      3049
      3000
      3068
      3144
      3161
      3012
      3024
      3027
      3068
      2929
      3029
      3007
      2998
      3096
      2998
      3019
      3083
      3017
      2982
      2979
      2870
      2935
      3002
      2941
      2938
      2979
      2974
      2914
      2887
      2915
      2924
      2909
      2861
      2859
      2890
      2816
      2863
      2836
      2781
      2830
      2746
      2709
      2756
      2789
      2722
      2746
      2637
      2709
      2709
      2653
      2661
      2638
      2603
      2608
      2597
      2642
      2746
      2632
      2619
      2657
      2569
      2673
      2626
      2611
      2550
      2585
      2559
      2650
      2578
      2562
      2535
      2541
      2572
      2512
      2654
      2534
      2546
      2543
      2554
      2476
      2571
      2507
      2549
      2482
      2464
      2444
      2489
      2401
      2528
      2348
      2419
      2341
      2380
      2370
      2339
      2431
      2382
      2276
      2401
      2315
      2395
      2266
      2305
      2317
      2245
      2248
      2331
      2265
      2306
      2285
      2279
      2217
      2288
      2216
      2286
      2224
      2268
      2121
      2147
      2116
      2162
      2148
      2173
      2103
      2143
      2138
      2182
      2065
      2154
      2080
      2080
      2105
      2215
      2124
      2024
      2102
      2170
      2081
      2056
      2046
      1978
      2027
      2017
      1981
      2065
      2003
      2005
      2046
      2028
      2002
      1995
      2024
      2087
      1990
      2015
      1913
      1967
      1962
      1938
      1940
      2001
      1917
      1955
      1950
      1925
      1918
      1931
      1939
      1840
      1951
      1809
      1971
      1878
      1881
      1830
      1934
      1893
      1855
      1824
      1861
      1883
      1890
      1912
      1849
      1825
      1900
      1890
      1898
      1787
      1752
      1789
      1812
      1888
      1824
      1751
      1772
      1884
      1839
      1743
      1723
      1790
      1794
      1857
      1747
      1730
      1803
      1712
      1774
      1730
      1794
      1656
      1723
      1685
      1772
      1717
      1696
      1708
      1694
      1683
      1704
      1674
      1705
      1694
      1642
      1659
      1733
      1583
      1611
      1575
      1664
      1598
      1627
      1635
      1600
      1603
      1581
      1534
      1623
      1578
      1548
      1589
      1588
      1598
      1565
      1486
      1520
      1543
      1536
      1594
      1561
      1554
      1621
      1531
      1504
      1559
      1480
      1499
      1454
      1593
      1516
      1463
      1487
      1513
      1491
      1482
      1502
      1462
      1494
      1498
      1512
      1437
      1558
      1472
      1452
      1449
      1488
      1457
      1469
      1497
      1432
      1416
      1496
      1475
      1513
      1376
      1438
      1472
      1409
      1500
      1465
      1453
      1453
      1463
      1509
      1393
      1511
      1448
      1489
      1413
      1425
      1400
      1538
      1467
      1492
      1430
      1370
      1450
      1529
      1440
      1428
      1472
      1451
      1433
      1495
      1477
      1442
      1453
      1402
      1414
      1449
      1424
      1343
      1309
      1358
      1458
      1401
      1363
      1297
      1349
      1303
      1364
      1292
      1379
      1381
      1417
      1314
      1353
      1319
      1353
      1326
      1321
      1299
      1326
      1330
      1333
      1264
      1287
      1282
      1345
      1294
      1334
      1267
      1309
      1216
      1278
      1258
      1240
      1296
      1294
      1245
      1269
      1329
      1265
      1332
      1194
      1307
      1233
      1224
      1290
      1221
      1239
      1294
      1241
      1160
      1202
      1244
      1156
      1200
      1249
      1215
      1245
      1298
      1290
      1246
      1180
      1227
      1188
      1208
      1175
      1226
      1174
      1200
      1302
      1225
      1213
      1231
      1207
      1216
      1187
      1155
      1164
      1230
      1177
      1257
      1160
      1126
      1152
      1165
      1196
      1125
      1162
      1210
      1168
      1194
      1141
      1201
      1173
      1154
      1196
      1164
      1152
      1179
      1160
      1127
      1122
      1140
      1130
      1095
      1179
      1221
      1081
      1123
      1142
      1103
      1139
      1167
      1112
      1226
      1161
      1160
      1105
      1175
      1155
      1134
      1177
      1130
      1138
      1167
      1150
      1135
      1107
      1187
      1156
      1160
      1085
      1053
      1092
      1124
      1092
      1140
      1138
      1090
      1114
      1119
      1090
      1149
      1059
      1070
      1106
      1157
      1089
      1073
      1115
      1030
      1069
      1113
      1079
      1109
      1139
      1126
      1116
      1088
      1107
      1102
      1082
      1106
      1134
      1114
      1108
      1083
      1067
      1106
      1085
      1091
      1099
      1091
      1134
      1065
      1091
      1096
      1043
      1072
      1073
      1118
      1122
      1096
      1069
      1081
      1019
      1088
      1080
      1119
      1116
      1045
      1052
      1011
      1088
      1013
      1093
      1050
      1084
      1005
      1016
      1061
      1050
      1101
       967
      1028
      1079
      1036
      1042
      1009
       985
       984
      1024
      1035
      1034
      1092
      1065
      1032
      1031
      1063
      1040
      1024
      1017
      1020
      1065
      1099
      1065
      1064
      1018
      1041
      1008
       993
      1058
      1029
      1032
      1063
      1068
      1019
      1048
      1037
      1073
      1059
      1028
      1009
       982
      1036
      1017
      1041
      1080
      1004
      1011
      1032
      1029
      1044
      1069
      1071
      1027
      1063
      1114
      1026
      1036
      1029
      1043
      1090
      1065
      1039
      1035
       972
      1060
      1031
      1010
      1028
      1088
      1022
      1013
      1026
       997
      1002
      1055
      1072
      1022
      1024
       986
      1030
       997
       996
      1011
      1066
      1023
      1005
       997
      1077
      1030
       986
      1075
      1065
      1035
       978
      1062
       954
      1006
      1008
       996
      1011
      1046
       974
       999
       989
      1063
      1019
      1005
       960
      1006
      1023
       962
      1008
      1012
       923
       960
       950
      1014
       991
      1027
       995
      1000
      1006
       992
      1000
       969
       974
       977
      1009
      1006
      1038
       997
      1013
       992
      1023
       956
       994
       960
      1010
       959
       965
       981
      1024
       959
      1009
       984
       971
       928
      1022
       984
       955
      1036
       921
       995
      1023
      1001
       968
       966
       953
       965
      1011
       971
       968
      1003
      1011
       994
       945
       990
       985
       984
       994
       993
      1028
       943
       985
       916
       986
       870
      1049
      1009
       987
       961
      1019
       951
      1047
       954
       959
       989
       988
       974
       985
       979
       954
       987
       923
       969
       926
       957
       971
       916
       963
       946
       923
       907
       894
       956
       995
       918
       988
       905
       894
       924
       848
       883
       934
       894
       904
       918
       900
       838
       891
       914
       874
       821
       856
       891
       854
       768
       830
       838
       846
       864
       779
       824
       827
       795
       807
       760
       842
       792
       761
       785
       776
       768
       743
       809
       795
       734
       791
       810
       739
       765
       772
       781
       770
       775
       755
       777
       729
       753
       806
       734
       760
       736
       762
       689
       676
       740
       741
       764
       735
       703
       694
       686
       725
       772
       699
       715
       737
       697
       719
       710
       706
       682
       728
       701
       785
       736
       700
       706
       665
       709
       694
       702
       689
       726
       699
       717
       666
       718
       658
       704
       723
       719
       728
       705
       698
       680
       687
       669
       655
       712
       642
       707
       735
       692
       653
       660
       724
       709
       712
       618
       640
       671
       702
       726
       701
       695
       655
       663
       661
       670
       677
       657
       673
       708
       665
       677
       659
       696
       683
       614
       675
       668
       655
       669
       654
       651
       669
       653
       643
       622
       649
       653
       605
       718
       648
       672
       626
       647
       662
       667
       635
       672
       632
       657
       633
       695
       700
       755
       748
       707
       709
       677
       721
       723
       769
       759
       775
       775
       790
       859
       845
       934
       884
       976
       926
       914
      1025
      1016
      1100
      1018
      1068
      1116
      1164
      1230
      1157
      1312
      1341
      1410
      1347
      1429
      1516
      1572
      1574
      1567
      1638
      1706
      1691
      1701
      1839
      1837
      1926
      2019
      1941
      2045
      2087
      2014
      2164
      2190
      2179
      2241
      2219
      2312
      2339
      2340
      2347
      2388
      2380
      2312
      2390
      2405
      2448
      2391
      2386
      2380
      2420
      2470
      2387
      2379
      2378
      2364
      2377
      2308
      2159
      2165
      2204
      2143
      2111
      2033
      1965
      2012
      1893
      1876
      1810
      1759
      1732
      1631
      1645
      1471
      1469
      1461
      1411
      1388
      1318
      1274
      1168
      1161
      1088
      1039
       936
      1000
       983
       861
       902
       787
       762
       684
       708
       619
       605
       582
       559
       552
       509
       488
       459
       453
       427
       412
       392
       375
       379
       325
       312
       279
       318
       302
       305
       306
       263
       234
       277
       217
       239
       220
       204
       210
       225
       212
       222
       210
       185
       232
       207
       216
       212
       209
       207
       213
       203
       231
       258
       228
       255
       273
       289
       259
       301
       299
       346
       326
       333
       375
       367
       384
       395
       423
       451
       423
       474
       507
       545
       575
       599
       623
       586
       682
       703
       698
       730
       752
       859
       820
       895
       963
      1027
      1053
      1065
      1100
      1125
      1141
      1168
      1334
      1279
      1331
      1393
      1386
      1457
      1449
      1496
      1511
      1611
      1651
      1664
      1698
      1749
      1683
      1740
      1774
      1782
      1824
      1955
      1865
      1910
      1955
      1922
      1855
      1982
      1946
      1971
      1996
      1997
      1969
      1914
      1992
      2036
      2030
      1903
      1971
      1977
      1885
      1854
      1807
      1824
      1819
      1775
      1770
      1764
      1675
      1645
      1561
      1614
      1487
      1526
      1471
      1366
      1463
      1328
      1349
      1305
      1144
      1122
      1099
      1052
      1054
      1065
       977
       876
       910
       873
       836
       779
       740
       698
       654
       635
       597
       609
       507
       509
       496
       500
       427
       405
       395
       347
       309
       312
       311
       254
       284
       257
       236
       204
       192
       167
       165
       150
       167
       127
       124
       128
        85
        95
       104
        80
        69
        70
        54
        54
        56
        42
        49
        38
        33
        47
        32
        40
        34
        23
        22
        20
        33
        18
        10
        14
        12
        16
        10
        14
        13
        10
        12
         4
         5
         6
         7
        10
        10
         7
         5
         6
         6
         8
         5
         4
         6
         4
         3
         5
         3
         2
         8
         7
         7
         4
         9
         3
         2
         3
         4
         3
         4
         4
         3
         4
         4
         6
         3
         6
         3
         4
         2
         1
         8
         9
         5
         1
         2
         4
         3
         6
         4
         4
         4
         4
         0
         4
         5
         1
         3
         1
         4
         5
         6
         3
         7
         3
         3
         3
         1
         4
         4
         8
         5
         6
         3
         4
         1
         4
         3
         4
         6
         1
         3
         3
         3
         4
         1
         1
         4
         3
         3
         7
         4
         2
         1
         7
         0
         1
         2
         3
         2
         4
         6
         5
         5
         0
         3
         3
         2
         1
         3
         2
         2
         1
         4
         3
         2
         2
         9
         5
         5
         5
         5
         1
         2
         2
         2
         2
         3
         9
         3
         1
         4
         3
         3
         3
         2
         4
         5
         3
         3
         3
         3
         5
         1
         1
         2
         4
         4
         1
         1
         3
         1
         2
         4
         3
         6
         5
         1
         7
         1
         2
         4
         2
         3
         2
         3
         3
         3
         2
         2
         1
         0
         3
         1
         3
         3
         2
         1
         2
         3
         3
         0
         2
         2
         0
         4
         5
         3
         2
         2
         3
         2
         1
         6
         4
         5
         3
         0
         2
         6
         2
         4
         1
         1
         4
         2
         1
         5
         3
         1
         0
         4
         1
         0
         3
         4
         2
         5
         5
         1
         5
         3
         3
         1
         3
         1
         4
         2
         4
         2
         2
         4
         3
         1
         3
         0
         3
         1
         1
         3
         4
         1
         4
         8
         3
         2
         3
         3
         2
         4
         4
         2
         0
         2
         2
         1
         3
         6
         5
         3
         0
         3
         3
         3
         1
         3
         7
         5
         3
         3
         2
         9
         4
         3
         0
         3
         2
         1
         4
         2
         3
         3
         3
         1
         1
         1
         3
         4
         3
         1
         3
         2
         4
         1
         1
         2
         0
         1
         4
         0
         6
         0
         2
         1
         2
         1
         3
         1
         4
         0
         2
         1
         3
         1
         1
         4
         1
         1
         2
         2
         1
         0
         3
         1
         4
         1
         1
         1
         1
         2
         1
         2
         3
         3
         0
         1
         1
         1
         0
         0
         2
         2
         4
         2
         0
         3
         2
         0
         1
         4
         1
         1
         4
         1
         1
         0
         2
         1
         2
         1
         2
         2
         1
         3
         3
         3
         0
         3
         2
         1
         2
         2
         2
         2
         2
         1
         0
         1
         2
         5
         2
         4
         0
         3
         1
         3
         1
         1
         2
         3
         0
         3
         4
         0
         4
         2
         0
         4
         4
         1
         3
         0
         1
         4
         2
         1
         3
         2
         3
         0
         1
         2
         3
         0
         4
         0
         2
         2
         1
         3
         2
         0
         2
         2
         4
         1
         2
         2
         0
         2
         2
         0
         4
         1
         1
         3
         1
         1
         1
         2
         2
         1
         4
         1
         1
         1
         1
         3
         2
         1
         2
         4
         0
         1
         3
         1
         3
         2
         1
         0
         0
         3
         2
         1
         0
         1
         0
         1
         2
         2
         4
         0
         0
         4
         0
         2
         3
         1
         0
         0
         3
         4
         2
         1
         2
         4
         1
         2
         1
         0
         0
         2
         3
         1
         1
         0
         0
         1
         2
         2
         1
         2
         1
         1
         0
         3
         2
         0
         3
         0
         0
         1
         1
         1
         1
         1
         1
         0
         2
         0
         3
         1
         1
         2
         3
         1
         2
         1
         3
         1
         2
         2
         2
         1
         0
         3
         4
         0
         1
         1
         4
         1
         2
         1
         1
         0
         4
         2
         1
         1
         2
         0
         0
         2
         0
         2
         2
         1
         0
         4
         1
         2
         1
         3
         2
         1
         1
         1
         0
         1
         0
         1
         4
         1
         5
         1
         1
         0
         1
         4
         1
         1
         0
         1
         0
         2
         3
         1
         0
         0
         0
         1
         1
         0
         2
         0
         0
         0
         1
         2
         1
         1
         0
         2
         3
         2
         1
         1
         2
         2
         1
         1
         1
         3
         2
         2
         4
         0
         0
         0
         1
         0
         2
         1
         0
         0
         0
         0
         1
         1
         0
         3
         1
         0
         1
         0
         1
         0
         0
         0
         2
         0
         0
         2
         0
         0
         0
         0
         0
         3
         1
         3
         1
         1
         1
         0
         0
         0
         0
         1
         2
         2
         1
         0
         0
         1
         2
         1
         1
         1
         4
         1
         2
         3
         0
         0
         0
         3
         1
         0
         1
         2
         1
         1
         2
         2
         1
         1
         0
         0
         0
         0
         0
         1
         0
         2
         0
         0
         2
         1
         2
         2
         0
         0
         0
         1
         0
         1
         1
         0
         2
         1
         0
         1
         1
         0
         1
         1
         1
         0
         0
         0
         0
         0
         0
         0
         1
         0
         1
         1
         0
         0
         0
         1
         0
         1
         1
         1
         3
         0
         0
         0
         1
         0
         0
         2
         0
         0
         0
         2
         0
         0
         1
         0
         1
         1
         0
         0
         1
         0
         0
         2
         1
         0
         0
         0
         1
         1
         0
         1
         1
         3
         0
         1
         1
         2
         0
         0
         0
         2
         1
         2
         0
         1
         0
         1
         0
         0
         3
         1
         0
         1
         2
         0
         1
         0
         0
         0
         2
         1
         1
         3
         0
         0
         2
         2
         2
         0
         1
         1
         0
         0
         0
         2
         1
         2
         1
         2
         0
         1
         0
         3
         2
         1
         2
         1
         1
         4
         2
         0
         1
         1
         1
         3
         1
         2
         1
         1
         2
         2
         0
         1
         0
         0
         0
         0
         2
         0
         2
         2
         1
         1
         0
         1
         2
         0
         0
         3
         2
         1
         1
         1
         0
         0
         0
         0
         2
         1
         0
         0
         2
         0
         0
         0
         1
         1
         0
         3
         0
         4
         2
         2
         1
         1
         2
         2
         0
         1
         0
         0
         0
         1
         1
         3
         0
         0
         1
         0
         0
         1
         1
         0
         1
         0
         0
         0
         1
         1
         0
         0
         0
         0
         0
         1
         0
         0
         0
         0
         0
         0
         0
         0
         0
         0
         2
         0
         0
         1
         0
         0
         1
         1
         0
         0
         0
         1
         0
         1
         0
         0
         0
         0
         0
         1
         0
         0
         0
         1
         0
         0
         0
         0
         0
         1
         0
         1
         0
         0
         1
         0
         0
         0
         0
         0
         0
         0
         0
         2
         0
         0
         0
         0
         0
         0
         0
         0
         1
         0
         0
         1
         0
         1
         0
         1
         0
         0
         0
         0
         1
         0
         1
         0
         2
         0
         1
         0
         1
         0
         2
         1
         0
         0
         1
         0
         0
         0
         0
         1
         0
         0
         0
         1
         0
         1
         0
         0
         0
         0
         0
         0
         2
         0
         0
         3
         1
         0
         0
         1
         2
         0
         0
         0
         2
         1
         0
         1
         0
         1
         1
         0
         0
         0
         0
         1
         0
         1
         0
         0
         1
         0
         0
         0
         0
         0
         0
         2
         1
         0
         1
         0
         2
         0
         0
         0
         0
         0
         0
         1
         0
         0
         0
         1
         0
         1
         1
         0
         1
         0
         1
         0
         0
         0
         0
         0
         0
         0
         0
         0
         1
         1
         0
         0
         1
         0
         0
         0
         0
         0
         0
         0
         0
         0
         0
         0
         0
         1
         0
         0
         0
         0
         0
         0
         0
         0
         0
         0
         0
         0
         0
         0
         0
         0
         0
         0
         0
         0
         0
         0
         0
         0
         0
         0
         1
         0
         0
         0
         0
         0
         0
         0
         0
         0
         0
         0
         0
         0
         0
         0
         0
         0
         0
         0
         0
         0
         0
         0
         0
         0
         0
         0
         0
         0
         0
         0
         0
         0
         0
         0
         0
         0
         0
         0
         0
         0
         0
         0
         0
         0
         0
         0
         0
         0
         0
         0
         0
         0
         0
         0
         0
         0
         0
         0
         0
         0
         0
         0
         0
         0
         0
         0
         0
         0
         0
         0
         0
         0
         0
         0
         0
         0
         0
         0
         0
         0
         0
         0
         0
         0
         0
         0
         0
         0
         0
         0
         0
         0
         0
         0
         0
         0
         0
         0
         0
         0
         0
         0
         0
         0
         0
         0
         0
         0
         0
         0
         0
         0
         0
         0
         0
         0
         0
         0
         0
         0
         0
         0
         0
         0
         0
         0
         0
         0
         0
         0
         0
         0
         0
         0
         0
         0
         0
         0
         0
         0
         0
         0
         0
         0
         0
         0
         0
         0
         0
         0
         0
         0
         0
         0
         0
         0
         0
         0
         0
         0
         0
         0
         0
         0
         0
         0
         0
         0
         0
         0
         0
         0
         0
         0
         0
         0
         0
         0
         0
         0
         0
         0
         0
         0
         0
         0
         0
         0
         0
         0
         0
         0
         0
         0
         0
         0
         0
         0
         0
         0
         0
         0
         0
         0
         0
         0
         0
         0
         0
         0
         0
         0
         0
         0
         0
         0
         0
         0
         0
         0
         0
         0
         0
         0
         0
         0
         0
         0
         0
         0
         0
         0
         0
         0
         0
         0
         0
         0
         0
         0
         0
         0
         0
         0
         0
         0
         0
         0
         0
         0
         0
         0
         0
         0
         0
         0
         0
         0
         0
         0
         0
         0
         0
         0
         0
         0
         0
         0
         0
         0
         0
         0
         0
         0
         0
         0
         0
         0
         0
         0
         0
         0
         0
         0
         0
         0
         0
         0
         0
         0
         0
         0
         0
         0
         0
         0
         0
         0
         0
         0
         0
         0
         0
         0
         0
         0
         0
         0
         0
         0
         0
         0
         0
         0
         0
         0
         0
         0
         0
         0
         0
         0
         0
         0
         0
         0
         0
         0
         0
         0
         0
         0
         0
         0
         0
         0
         0
         0
         0
         0
         0
         0
         0
         0
         0
         0
         0
         0
         0
         0
         0
         0
         0
         0
         0
         0
         0
         0
         0
         0
         0
         0
         0
         0
         0
         0
         0
         0
         0
         0
         0
         0
         0
         0
         0
         0
         0
         0
         0
         0
         0
         0
         0
         0
         0
         0
         0
         0
         0
         0
         0
         0
         0
         0
         0
         0
         0
         0
         0
         0
         0
         0
         0
         0
         0
         0
         0
         0
         0
         0
         0
         0
         0
         0
         0
         0
         0
         0
         0
         0
         0
         0
         0
         0
         0
         0
         0
         0
         0
         0
         0
         0
