         0
         0
         0
         0
         0
         0
         0
         0
         0
         0
      1216
      1138
      1130
      1140
      1093
      1088
      1166
      1150
      1238
      1232
      1175
      1222
      1298
      1346
      1259
      1297
      1274
      1359
      1337
      1342
      1333
      1307
      1317
      1296
      1288
      1203
      1328
      1256
      1280
      1225
      1277
      1206
      1256
      1272
      1205
      1282
      1330
      1263
      1311
      1299
      1231
      1285
      1311
      1254
      1356
      1324
      1248
      1353
      1276
      1283
      1345
      1352
      1278
      1288
      1324
      1369
      1380
      1356
      1406
      1303
      1335
      1351
      1380
      1367
      1394
      1326
      1400
      1402
      1340
      1430
      1425
      1415
      1518
      1451
      1481
      1481
      1511
      1560
      1491
      1595
      1539
      1540
      1664
      1614
      1677
      1698
      1737
      1697
      1845
      1770
      1793
      1837
      1860
      1860
      1884
      1951
      1951
      1894
      1879
      1962
      2009
      2007
      2004
      2017
      2075
      2098
      2150
      2114
      2131
      2183
      2205
      2248
      2341
      2311
      2224
      2332
      2351
      2415
      2444
      2391
      2462
      2430
      2611
      2503
      2578
      2506
      2538
      2532
      2561
      2583
      2606
      2561
      2524
      2611
      2539
      2641
      2629
      2708
      2627
      2635
      2609
      2684
      2695
      2707
      2708
      2741
      2694
      2638
      2606
      2595
      2756
      2640
      2642
      2681
      2657
      2771
      2761
      2750
      2749
      2695
      2702
      2707
      2691
      2750
      2638
      2603
      2741
      2660
      2718
      2705
      2757
      2664
      2677
      2664
      2640
      2699
      2770
      2693
      2709
      2795
      2681
      2705
      2757
      2608
      2698
      2683
      2693
      2797
      2780
      2662
      2781
      2731
      2681
      2816
      2832
      2866
      2827
      2791
      2957
      2975
      2890
      2962
      2894
      2937
      3037
      3002
      3023
      3114
      3030
      3096
      3211
      3137
      3137
      3126
      3127
      3093
      3116
      3103
      3113
      3168
      3152
      3129
      3089
      3058
      3037
      3003
      2977
      2919
      3000
      3026
      2995
      2855
      3028
      2992
      3054
      2911
      2900
      2906
      2873
      2883
      2913
      2880
      2791
      2827
      2761
      2733
      2832
      2753
      2791
      2667
      2714
      2727
      2739
      2678
      2711
      2702
      2718
      2743
      2719
      2605
      2555
      2738
      2640
      2664
      2580
      2636
      2575
      2723
      2612
      2634
      2597
      2577
      2616
      2520
      2563
      2532
      2485
      2570
      2478
      2590
      2476
      2489
      2527
      2483
      2421
      2495
      2518
      2383
      2372
      2533
      2421
      2325
      2398
      2469
      2381
      2442
      2477
      2427
      2312
      2352
      2404
      2448
      2387
      2328
      2362
      2198
      2305
      2433
      2263
      2289
      2289
      2268
      2293
      2284
      2209
      2157
      2131
      2196
      2208
      2225
      2178
      2213
      2159
      2182
      2189
      2111
      2149
      2110
      2115
      2165
      2137
      2150
      2128
      2147
      2123
      2102
      2098
      2101
      2131
      2121
      2033
      2020
      2183
      2075
      2077
      2094
      2030
      2036
      1999
      2054
      2026
      2079
      2057
      2092
      1979
      2015
      1945
      1996
      1984
      1962
      1942
      2002
      1982
      2079
      1945
      1963
      1958
      1929
      1958
      1981
      1998
      1983
      1917
      1860
      1915
      1870
      1936
      1917
      1835
      1939
      1826
      1818
      1801
      1805
      1881
      1900
      1831
      1836
      1827
      1854
      1738
      1827
      1756
      1846
      1734
      1776
      1790
      1829
      1753
      1781
      1724
      1808
      1801
      1747
      1714
      1725
      1706
      1732
      1735
      1721
      1724
      1705
      1726
      1740
      1686
      1740
      1710
      1740
      1679
      1680
      1686
      1723
      1691
      1697
      1681
      1702
      1629
      1693
      1657
      1678
      1654
      1735
      1668
      1709
      1683
      1658
      1611
      1679
      1638
      1668
      1553
      1650
      1591
      1638
      1583
      1579
      1551
      1631
      1650
      1660
      1559
      1672
      1615
      1587
      1550
      1567
      1647
      1640
      1630
      1551
      1541
      1612
      1603
      1477
      1621
      1576
      1559
      1579
      1523
      1550
      1539
      1526
      1560
      1508
      1510
      1510
      1509
      1506
      1564
      1612
      1562
      1530
      1533
      1573
      1482
      1442
      1516
      1582
      1549
      1535
      1512
      1571
      1518
      1483
      1531
      1597
      1539
      1465
      1492
      1575
      1499
      1530
      1529
      1506
      1551
      1491
      1467
      1561
      1574
      1486
      1488
      1539
      1511
      1483
      1501
      1480
      1482
      1494
      1520
      1478
      1511
      1481
      1483
      1468
      1460
      1453
      1388
      1470
      1430
      1413
      1519
      1421
      1525
      1471
      1462
      1399
      1379
      1485
      1428
      1493
      1428
      1405
      1387
      1425
      1426
      1460
      1362
      1438
      1437
      1461
      1402
      1416
      1372
      1371
      1407
      1448
      1437
      1426
      1394
      1399
      1353
      1412
      1400
      1422
      1341
      1331
      1374
      1459
      1366
      1307
      1311
      1353
      1408
      1334
      1376
      1341
      1353
      1331
      1285
      1413
      1384
      1328
      1386
      1324
      1318
      1284
      1382
      1377
      1331
      1398
      1331
      1312
      1320
      1360
      1367
      1311
      1346
      1356
      1343
      1397
      1385
      1340
      1353
      1350
      1324
      1369
      1304
      1315
      1286
      1331
      1321
      1362
      1324
      1314
      1351
      1275
      1305
      1285
      1392
      1381
      1297
      1400
      1273
      1288
      1317
      1234
      1314
      1255
      1290
      1322
      1346
      1355
      1331
      1320
      1274
      1289
      1279
      1320
      1301
      1332
      1342
      1264
      1291
      1259
      1232
      1307
      1320
      1268
      1331
      1388
      1372
      1281
      1235
      1246
      1288
      1283
      1222
      1326
      1277
      1315
      1303
      1238
      1340
      1276
      1249
      1278
      1349
      1235
      1258
      1343
      1250
      1319
      1262
      1264
      1277
      1299
      1232
      1257
      1239
      1285
      1240
      1241
      1237
      1275
      1269
      1222
      1281
      1278
      1263
      1252
      1309
      1253
      1275
      1208
      1245
      1318
      1254
      1303
      1207
      1240
      1266
      1249
      1184
      1211
      1256
      1195
      1263
      1294
      1246
      1230
      1222
      1261
      1231
      1271
      1282
      1280
      1259
      1250
      1235
      1329
      1230
      1199
      1198
      1300
      1280
      1257
      1230
      1251
      1271
      1221
      1222
      1211
      1244
      1166
      1179
      1215
      1212
      1224
      1217
      1162
      1210
      1231
      1205
      1237
      1204
      1223
      1265
      1201
      1234
      1123
      1208
      1233
      1236
      1249
      1128
      1249
      1227
      1166
      1211
      1230
      1168
      1206
      1162
      1153
      1190
      1222
      1196
      1219
      1235
      1238
      1164
      1163
      1253
      1242
      1217
      1231
      1206
      1189
      1192
      1205
      1211
      1208
      1163
      1228
      1216
      1182
      1227
      1221
      1202
      1162
      1207
      1220
      1213
      1151
      1146
      1202
      1197
      1233
      1206
      1241
      1194
      1178
      1183
      1217
      1167
      1159
      1182
      1214
      1156
      1219
      1211
      1182
      1168
      1163
      1228
      1169
      1247
      1220
      1199
      1180
      1222
      1243
      1205
      1215
      1261
      1303
      1136
      1243
      1239
      1184
      1220
      1259
      1185
      1157
      1188
      1220
      1254
      1190
      1236
      1260
      1181
      1215
      1197
      1167
      1157
      1191
      1140
      1257
      1208
      1203
      1266
      1223
      1207
      1236
      1182
      1161
      1211
      1231
      1202
      1253
      1241
      1177
      1275
      1224
      1251
      1204
      1236
      1195
      1189
      1207
      1219
      1209
      1255
      1221
      1205
      1245
      1192
      1156
      1220
      1269
      1232
      1218
      1233
      1162
      1178
      1272
      1170
      1205
      1226
      1204
      1271
      1174
      1300
      1210
      1278
      1277
      1207
      1229
      1228
      1203
      1166
      1265
      1208
      1259
      1191
      1208
      1286
      1187
      1199
      1142
      1203
      1216
      1259
      1177
      1255
      1179
      1283
      1153
      1216
      1221
      1213
      1174
      1251
      1262
      1278
      1183
      1217
      1105
      1154
      1221
      1139
      1206
      1168
      1164
      1172
      1220
      1217
      1161
      1123
      1084
      1163
      1113
      1124
      1080
      1052
      1053
      1005
      1137
      1032
      1029
      1008
      1055
       997
      1142
      1036
       992
       992
      1027
      1001
      1025
       969
      1036
      1000
       965
       962
       993
       965
       924
       932
       981
       966
       956
       989
       932
       940
       933
       912
       924
       912
       914
       904
       917
       943
       921
       900
       865
       886
       868
       888
       900
       869
       939
       827
       831
       799
       871
       826
       851
       842
       826
       850
       885
       798
       802
       829
       846
       829
       847
       795
       842
       856
       888
       831
       838
       789
       813
       824
       827
       843
       859
       804
       819
       826
       787
       868
       862
       837
       852
       796
       852
       875
       866
       806
       891
       861
       830
       829
       830
       918
       810
       836
       805
       767
       825
       870
       829
       855
       804
       801
       796
       807
       834
       779
       847
       820
       801
       823
       828
       810
       832
       800
       789
       759
       844
       822
       852
       889
       818
       765
       826
       794
       802
       794
       738
       818
       751
       760
       802
       819
       769
       772
       786
       804
       795
       771
       769
       797
       767
       764
       799
       822
       793
       811
       854
       805
       821
       810
       819
       841
       875
       853
       869
       910
       888
       861
       974
       973
       991
      1045
      1122
      1095
      1046
      1156
      1132
      1203
      1221
      1289
      1330
      1333
      1420
      1494
      1523
      1553
      1574
      1627
      1706
      1784
      1825
      1831
      1986
      2023
      2070
      2118
      2289
      2221
      2407
      2505
      2526
      2544
      2553
      2743
      2675
      2932
      2957
      3006
      3036
      2980
      3184
      3302
      3292
      3343
      3346
      3395
      3465
      3593
      3457
      3499
      3648
      3500
      3606
      3623
      3669
      3556
      3636
      3604
      3612
      3625
      3569
      3539
      3526
      3420
      3382
      3426
      3280
      3339
      3267
      3112
      3132
      2992
      3015
      2820
      2763
      2782
      2762
      2692
      2553
      2559
      2472
      2312
      2235
      2122
      2129
      2064
      1840
      1963
      1857
      1669
      1665
      1491
      1467
      1465
      1396
      1360
      1175
      1156
      1101
      1069
       998
       884
       971
       860
       817
       806
       759
       645
       642
       588
       542
       507
       554
       470
       440
       448
       425
       438
       399
       389
       292
       322
       352
       306
       301
       283
       279
       266
       269
       266
       280
       266
       248
       231
       243
       240
       251
       240
       247
       270
       275
       263
       297
       275
       270
       294
       292
       318
       366
       353
       394
       417
       423
       387
       467
       494
       494
       532
       574
       596
       593
       629
       663
       777
       728
       801
       821
       832
       924
       918
      1007
      1038
      1061
      1141
      1136
      1212
      1334
      1301
      1407
      1501
      1537
      1525
      1637
      1704
      1726
      1794
      1838
      2010
      2062
      2058
      2072
      2141
      2233
      2347
      2347
      2462
      2442
      2519
      2573
      2626
      2627
      2639
      2686
      2747
      2803
      2843
      2802
      2956
      2958
      2869
      2901
      2975
      2997
      2938
      2875
      2840
      3020
      2921
      2845
      2937
      2903
      2856
      2850
      2846
      2864
      2771
      2879
      2729
      2727
      2661
      2600
      2582
      2605
      2474
      2354
      2378
      2280
      2210
      2199
      2140
      2003
      1998
      1946
      1851
      1779
      1790
      1677
      1582
      1512
      1425
      1390
      1358
      1344
      1217
      1210
      1143
      1094
      1073
       986
       876
       891
       827
       815
       766
       669
       688
       643
       578
       549
       506
       468
       441
       428
       388
       385
       356
       295
       309
       250
       243
       219
       219
       202
       154
       191
       164
       169
       154
       123
       109
       102
        90
        82
        84
        80
        72
        63
        68
        56
        43
        43
        40
        26
        32
        30
        27
        25
        21
        26
        22
        18
        20
        19
        20
        23
        13
        12
         8
         8
         6
        12
        10
         6
         8
        11
         5
         8
         8
        10
         3
         5
        10
         6
         4
         0
         2
         1
         9
         5
         8
         5
         7
         3
         6
         6
         4
         5
         3
         2
         4
         4
         1
         8
         2
         4
         5
         5
         3
         1
         2
         3
         6
         6
         1
         7
         2
         6
         4
         2
         6
         6
         2
         7
         6
         3
         3
         6
         4
         9
         4
         5
         3
         5
         2
         1
         4
         8
         4
         4
         2
         4
         3
         4
        10
         5
         3
         4
         8
         2
         8
         2
         7
         5
         2
         4
         2
         7
         5
         6
         1
         0
         5
         5
         3
         2
         4
         2
         6
         5
         3
         3
         4
         7
         3
         2
         3
         9
         6
         4
         3
         3
         7
         2
         2
         7
         7
         3
         8
         3
         4
         3
         6
         5
         2
         3
         5
         4
         5
         3
         2
         0
         3
         3
         4
         3
         2
         5
         1
         5
         3
         5
         2
         4
         4
         7
         3
         6
         3
         4
         4
         4
         6
         2
         2
         2
         2
         4
         1
         2
         2
         6
         2
         3
         2
         3
         5
         6
         2
         3
         3
         3
         3
         2
         5
         4
         2
         5
         2
         3
         6
         1
         4
         2
         7
         3
         2
         2
         1
         1
         1
         2
         4
         1
         1
         3
         3
         3
         0
         2
         3
         5
         3
         5
         4
         3
         3
         4
         2
         2
         2
         4
         3
         0
         2
         4
         1
         5
         5
         1
         2
         3
         5
         0
         2
         3
         1
         2
         1
         4
         1
         2
         5
         3
         3
         4
         3
         2
         4
         2
         3
         1
         4
         0
         1
         1
         1
         1
         4
         2
         2
         4
         2
         2
         3
         5
         2
         1
         1
         2
         4
         5
         3
         0
         1
         2
         5
         3
         2
         2
         1
         4
         1
         3
         2
         5
         1
         2
         5
         4
         2
         2
         3
         2
         4
         3
         4
         2
         1
         3
         3
         5
         2
         4
         4
         1
         0
         5
         1
         1
         1
         3
         2
         2
         0
         2
         4
         3
         3
         0
         5
         1
         2
         4
         2
         7
         1
         3
         4
         3
         3
         3
         4
         2
         1
         2
         2
         2
         0
         2
         2
         5
         3
         6
         2
         0
         5
         3
         6
         2
         5
         5
         3
         2
         1
         1
         3
         3
         0
         9
         1
         3
         4
         2
         5
         4
         8
         4
         5
         3
         5
         6
         4
         5
         6
         2
         3
         7
         6
         3
         8
         2
         4
         5
         4
         2
         4
         4
         4
         1
         3
         3
         3
         1
         4
         1
         6
         4
         3
         2
         3
         4
         0
         3
         5
         6
         6
         2
         6
         1
         1
         3
         4
         1
         6
         7
         5
         8
         3
         6
         1
         5
         1
         1
         6
         1
         8
         5
         3
         3
         1
         3
         2
         4
         4
         6
         4
         2
         5
         2
         1
         3
         6
         8
         0
         5
         0
         1
         0
         6
         4
         5
         0
         5
         1
         3
         3
         2
         2
         2
         2
         1
         3
         2
         4
         3
         3
         2
         6
         2
         4
         2
         3
         5
         4
         1
         1
         0
         3
         3
         3
         3
         1
         1
         2
         1
         2
         1
         1
         5
         2
         1
         1
         3
         3
         1
         2
         1
         0
         1
         1
         0
         3
         6
         2
         1
         3
         1
         1
         2
         3
         6
         0
         2
         1
         0
         1
         1
         0
         0
         2
         0
         2
         2
         0
         1
         3
         6
         2
         1
         3
         1
         2
         1
         1
         2
         2
         1
         0
         5
         1
         0
         2
         3
         1
         0
         1
         0
         4
         0
         1
         1
         1
         1
         5
         0
         3
         1
         3
         1
         1
         2
         2
         1
         1
         4
         1
         1
         0
         1
         1
         0
         1
         2
         3
         0
         1
         1
         2
         0
         4
         3
         0
         1
         1
         2
         1
         0
         3
         4
         0
         0
         4
         0
         1
         1
         1
         1
         4
         2
         4
         1
         0
         1
         1
         1
         2
         1
         1
         0
         1
         1
         1
         2
         2
         2
         0
         1
         2
         2
         1
         0
         1
         1
         1
         1
         2
         4
         5
         0
         2
         3
         0
         3
         0
         1
         0
         2
         2
         1
         1
         3
         4
         2
         2
         0
         0
         1
         0
         1
         0
         0
         2
         4
         3
         2
         3
         1
         1
         1
         0
         1
         0
         3
         0
         3
         1
         1
         0
         0
         2
         0
         2
         0
         1
         2
         1
         0
         0
         0
         1
         1
         0
         1
         0
         1
         1
         1
         2
         1
         0
         1
         0
         0
         0
         0
         1
         0
         0
         1
         1
         3
         0
         0
         0
         0
         1
         0
         0
         1
         3
         2
         0
         0
         1
         2
         1
         2
         0
         0
         2
         0
         1
         0
         0
         2
         1
         0
         1
         1
         2
         0
         3
         0
         1
         1
         1
         0
         1
         0
         1
         1
         0
         0
         1
         2
         0
         1
         0
         2
         1
         1
         0
         1
         1
         0
         0
         1
         1
         1
         1
         1
         0
         0
         0
         1
         0
         1
         2
         1
         0
         2
         1
         1
         0
         0
         5
         0
         1
         0
         2
         1
         0
         1
         0
         1
         0
         0
         3
         0
         0
         2
         0
         2
         1
         0
         1
         2
         0
         0
         0
         0
         0
         2
         0
         1
         1
         0
         1
         1
         2
         1
         0
         1
         0
         0
         0
         2
         1
         2
         3
         1
         1
         0
         0
         0
         0
         2
         0
         1
         1
         0
         0
         2
         0
         1
         2
         1
         0
         0
         0
         0
         0
         0
         0
         1
         0
         1
         2
         2
         2
         1
         0
         1
         0
         1
         0
         1
         1
         1
         1
         2
         0
         4
         3
         2
         1
         2
         2
         0
         1
         2
         0
         0
         0
         1
         0
         2
         1
         0
         1
         1
         1
         1
         2
         1
         1
         0
         0
         1
         0
         1
         0
         0
         1
         1
         1
         0
         0
         4
         1
         0
         2
         2
         1
         2
         2
         1
         1
         0
         0
         0
         2
         1
         2
         1
         1
         0
         1
         1
         1
         1
         0
         3
         0
         0
         0
         2
         0
         2
         2
         1
         1
         0
         1
         0
         0
         0
         1
         1
         1
         0
         0
         0
         0
         0
         0
         0
         0
         1
         1
         0
         0
         0
         0
         1
         0
         1
         1
         0
         1
         0
         0
         2
         2
         0
         0
         0
         1
         2
         1
         0
         0
         1
         0
         0
         0
         1
         1
         1
         0
         0
         1
         0
         1
         0
         2
         0
         0
         0
         2
         1
         0
         0
         1
         4
         1
         1
         0
         2
         1
         3
         0
         5
         0
         0
         0
         0
         2
         0
         0
         3
         2
         1
         2
         4
         2
         2
         0
         2
         3
         1
         0
         0
         1
         3
         1
         1
         4
         0
         1
         1
         1
         4
         0
         2
         3
         1
         0
         2
         1
         2
         1
         1
         3
         1
         0
         0
         0
         0
         1
         0
         2
         4
         2
         1
         0
         3
         1
         2
         3
         0
         2
         2
         8
         2
         2
         3
         2
         2
         3
         2
         3
         2
         2
         1
         2
         2
         1
         2
         2
         3
         0
         3
         0
         2
         1
         6
         2
         0
         3
         0
         2
         3
         2
         4
         2
         3
         0
         0
         1
         2
         2
         2
         1
         3
         1
         0
         2
         3
         1
         1
         0
         3
         3
         1
         2
         5
         2
         1
         2
         3
         0
         0
         1
         0
         0
         2
         1
         2
         3
         0
         1
         0
         1
         0
         0
         1
         0
         1
         2
         0
         0
         0
         0
         0
         0
         0
         0
         0
         0
         0
         0
         1
         0
         0
         0
         0
         0
         0
         1
         0
         0
         0
         0
         0
         0
         0
         0
         0
         0
         1
         0
         0
         0
         0
         0
         0
         0
         0
         0
         0
         0
         0
         0
         0
         0
         0
         0
         0
         0
         0
         0
         0
         0
         0
         0
         0
         0
         0
         0
         0
         0
         0
         0
         0
         0
         0
         0
         0
         0
         0
         0
         0
         0
         0
         0
         0
         0
         0
         0
         0
         0
         0
         0
         0
         0
         0
         0
         0
         0
         0
         0
         0
         0
         0
         0
         0
         0
         0
         0
         0
         0
         0
         0
         0
         0
         0
         0
         0
         0
         0
         0
         0
         0
         0
         0
         0
         0
         0
         0
         0
         0
         0
         0
         0
         0
         0
         0
         0
         0
         0
         0
         0
         0
         0
         0
         0
         0
         0
         0
         0
         0
         0
         0
         0
         0
         0
         0
         0
         0
         0
         0
         0
         0
         0
         0
         0
         0
         0
         0
         0
         0
         0
         0
         0
         0
         0
         0
         0
         0
         0
         0
         0
         0
         0
         0
         0
         0
         0
         0
         0
         0
         0
         0
         0
         0
         0
         0
         0
         0
         0
         0
         0
         0
         0
         0
         0
         0
         0
         0
         0
         0
         0
         0
         0
         0
         0
         0
         0
         0
         0
         0
         0
         0
         0
         0
         0
         0
         0
         0
         0
         0
         0
         0
         0
         0
         0
         0
         0
         0
         0
         0
         0
         0
         0
         0
         0
         0
         0
         0
         0
         0
         0
         0
         0
         0
         0
         0
         0
         0
         0
         0
         0
         0
         0
         0
         0
         0
         0
         0
         0
         0
         0
         0
         0
         0
         0
         0
         0
         0
         0
         0
         0
         0
         0
         0
         0
         0
         0
         0
         0
         0
         0
         0
         0
         0
         0
         0
         0
         0
         0
         0
         0
         0
         0
         0
         0
         0
         0
         0
         0
         0
         0
         0
         0
         0
         0
         0
         0
         0
         0
         0
         0
         0
         0
         0
         0
         0
         0
         0
         0
         0
         0
         0
         0
         0
         0
         0
         0
         0
         0
         0
         0
         0
         0
         0
         0
         0
         0
         0
         0
         0
         0
         0
         0
         0
         0
         0
         0
         0
         0
         0
         0
         0
         0
         0
         0
         0
         0
         0
         0
         0
         0
         0
         0
         0
         0
         0
         0
         0
         0
         0
         0
         0
         0
         0
         0
         0
         0
         0
         0
         0
         0
         0
         0
         0
         0
         0
         0
         0
         0
         0
         0
         0
         0
         0
         0
         0
         0
         0
         0
         0
         0
         0
         0
         0
         0
         0
         0
         0
         0
         0
         0
         0
         0
         0
         0
         0
         0
         0
         0
         0
         0
         0
         0
         0
         0
         0
         0
         0
         0
         0
