         0
         0
         0
         0
         0
         0
         0
         0
         0
         0
      1163
      1193
      1215
      1168
      1229
      1173
      1239
      1149
      1190
      1252
      1222
      1216
      1178
      1219
      1245
      1254
      1247
      1314
      1208
      1242
      1292
      1311
      1333
      1324
      1282
      1258
      1206
      1209
      1207
      1234
      1189
      1250
      1129
      1178
      1168
      1113
      1208
      1219
      1245
      1211
      1237
      1211
      1203
      1248
      1265
      1285
      1280
      1336
      1308
      1280
      1313
      1314
      1320
      1295
      1276
      1320
      1277
      1347
      1304
      1269
      1301
      1286
      1314
      1278
      1296
      1320
      1269
      1318
      1317
      1306
      1266
      1207
      1289
      1250
      1339
      1291
      1327
      1347
      1358
      1335
      1319
      1354
      1412
      1513
      1466
      1455
      1437
      1472
      1491
      1448
      1547
      1528
      1529
      1504
      1509
      1566
      1518
      1531
      1598
      1558
      1553
      1542
      1490
      1554
      1628
      1618
      1648
      1657
      1603
      1648
      1702
      1652
      1666
      1651
      1693
      1723
      1686
      1762
      1756
      1742
      1690
      1873
      1762
      1770
      1722
      1755
      1706
      1884
      1827
      1792
      1838
      1849
      1809
      1794
      1829
      1805
      1736
      1788
      1804
      1809
      1756
      1771
      1866
      1806
      1808
      1815
      1875
      1830
      1813
      1802
      1739
      1788
      1809
      1836
      1806
      1814
      1847
      1824
      1831
      1807
      1807
      1846
      1849
      1859
      1804
      1781
      1889
      1816
      1907
      1853
      1814
      1774
      1792
      1826
      1889
      1898
      1920
      1889
      1848
      1891
      1915
      1949
      1922
      1925
      1919
      1914
      1913
      2014
      2028
      2005
      2098
      2093
      2085
      2023
      2142
      2148
      2232
      2187
      2162
      2325
      2239
      2227
      2334
      2401
      2406
      2442
      2486
      2395
      2358
      2404
      2387
      2587
      2559
      2537
      2518
      2444
      2442
      2528
      2556
      2458
      2439
      2497
      2507
      2427
      2487
      2485
      2413
      2391
      2347
      2441
      2417
      2398
      2372
      2361
      2322
      2385
      2312
      2350
      2268
      2401
      2309
      2374
      2225
      2207
      2291
      2232
      2240
      2217
      2143
      2241
      2274
      2316
      2247
      2213
      2216
      2253
      2198
      2155
      2210
      2239
      2244
      2153
      2236
      2134
      2068
      2165
      2176
      2126
      2171
      2126
      2107
      2091
      2085
      2112
      2150
      2132
      2192
      2028
      2033
      2083
      2083
      2028
      2045
      2065
      2022
      2044
      2017
      2079
      2055
      2003
      2068
      1965
      2042
      2065
      2037
      1960
      2067
      1946
      2000
      1984
      1986
      1992
      1958
      1940
      1919
      1960
      1917
      1944
      1796
      1929
      1993
      1935
      1855
      1923
      1794
      1885
      1884
      1850
      1830
      1828
      1797
      1849
      1819
      1778
      1781
      1836
      1763
      1761
      1760
      1726
      1801
      1709
      1740
      1752
      1812
      1722
      1688
      1758
      1721
      1688
      1682
      1670
      1673
      1680
      1745
      1752
      1694
      1707
      1727
      1720
      1655
      1648
      1718
      1667
      1764
      1604
      1621
      1706
      1662
      1719
      1651
      1666
      1644
      1669
      1621
      1696
      1654
      1644
      1661
      1639
      1615
      1645
      1638
      1612
      1770
      1636
      1562
      1674
      1592
      1603
      1643
      1608
      1689
      1644
      1572
      1635
      1600
      1645
      1531
      1636
      1559
      1632
      1599
      1580
      1582
      1536
      1521
      1598
      1580
      1562
      1621
      1522
      1501
      1554
      1649
      1585
      1596
      1608
      1566
      1553
      1607
      1567
      1521
      1479
      1499
      1510
      1608
      1483
      1563
      1496
      1504
      1568
      1500
      1455
      1627
      1497
      1501
      1539
      1447
      1518
      1508
      1524
      1481
      1527
      1504
      1438
      1481
      1519
      1444
      1402
      1496
      1565
      1401
      1458
      1501
      1434
      1389
      1455
      1484
      1380
      1474
      1415
      1447
      1400
      1415
      1447
      1425
      1399
      1441
      1362
      1423
      1467
      1411
      1369
      1460
      1398
      1399
      1358
      1446
      1448
      1397
      1434
      1415
      1431
      1411
      1444
      1360
      1417
      1394
      1463
      1455
      1432
      1430
      1479
      1404
      1425
      1428
      1476
      1375
      1425
      1449
      1412
      1456
      1413
      1438
      1409
      1451
      1443
      1406
      1405
      1417
      1455
      1396
      1384
      1368
      1474
      1378
      1385
      1412
      1386
      1370
      1377
      1362
      1393
      1355
      1418
      1415
      1388
      1310
      1372
      1323
      1363
      1424
      1473
      1407
      1350
      1357
      1368
      1410
      1360
      1323
      1369
      1316
      1325
      1347
      1312
      1329
      1380
      1371
      1387
      1346
      1355
      1238
      1417
      1325
      1386
      1348
      1302
      1306
      1274
      1375
      1347
      1383
      1263
      1291
      1363
      1353
      1336
      1382
      1332
      1298
      1363
      1356
      1382
      1314
      1342
      1329
      1299
      1362
      1347
      1307
      1297
      1348
      1343
      1278
      1290
      1273
      1310
      1288
      1303
      1328
      1285
      1272
      1257
      1239
      1330
      1229
      1315
      1335
      1278
      1288
      1365
      1234
      1306
      1311
      1254
      1254
      1324
      1332
      1300
      1283
      1317
      1308
      1300
      1306
      1340
      1364
      1296
      1290
      1270
      1328
      1354
      1360
      1310
      1276
      1329
      1238
      1291
      1330
      1299
      1283
      1345
      1302
      1219
      1318
      1329
      1236
      1361
      1268
      1320
      1342
      1332
      1389
      1277
      1327
      1280
      1296
      1278
      1350
      1354
      1326
      1350
      1293
      1316
      1315
      1313
      1316
      1323
      1288
      1384
      1306
      1324
      1298
      1333
      1311
      1288
      1314
      1331
      1388
      1333
      1271
      1345
      1362
      1342
      1295
      1326
      1381
      1383
      1333
      1333
      1312
      1362
      1316
      1328
      1359
      1243
      1351
      1344
      1359
      1359
      1361
      1400
      1331
      1423
      1324
      1306
      1366
      1356
      1382
      1327
      1337
      1275
      1344
      1321
      1331
      1353
      1316
      1277
      1282
      1318
      1346
      1325
      1337
      1317
      1333
      1363
      1308
      1325
      1346
      1268
      1286
      1332
      1300
      1357
      1344
      1323
      1263
      1374
      1387
      1324
      1289
      1310
      1324
      1316
      1327
      1331
      1275
      1319
      1300
      1355
      1354
      1331
      1373
      1297
      1352
      1372
      1397
      1303
      1353
      1366
      1298
      1353
      1309
      1345
      1315
      1374
      1404
      1378
      1331
      1367
      1343
      1270
      1316
      1360
      1381
      1328
      1323
      1273
      1309
      1354
      1325
      1316
      1312
      1313
      1376
      1356
      1277
      1314
      1411
      1329
      1445
      1396
      1359
      1378
      1358
      1293
      1322
      1298
      1327
      1335
      1374
      1388
      1310
      1393
      1354
      1398
      1324
      1409
      1363
      1349
      1349
      1342
      1401
      1359
      1447
      1320
      1402
      1351
      1360
      1435
      1411
      1417
      1447
      1366
      1330
      1394
      1375
      1425
      1409
      1420
      1364
      1425
      1398
      1487
      1414
      1414
      1357
      1400
      1388
      1406
      1370
      1420
      1382
      1454
      1354
      1395
      1432
      1400
      1388
      1294
      1361
      1406
      1382
      1333
      1441
      1328
      1379
      1369
      1372
      1370
      1356
      1324
      1383
      1409
      1353
      1396
      1420
      1401
      1407
      1365
      1392
      1393
      1358
      1423
      1375
      1429
      1348
      1361
      1356
      1397
      1340
      1358
      1387
      1472
      1443
      1427
      1365
      1444
      1260
      1388
      1398
      1376
      1402
      1419
      1393
      1440
      1363
      1375
      1368
      1421
      1446
      1420
      1453
      1441
      1437
      1463
      1490
      1474
      1476
      1474
      1429
      1441
      1463
      1466
      1514
      1429
      1447
      1501
      1447
      1463
      1448
      1473
      1465
      1518
      1464
      1487
      1511
      1443
      1552
      1437
      1411
      1435
      1405
      1541
      1464
      1465
      1532
      1376
      1449
      1469
      1438
      1468
      1492
      1399
      1455
      1302
      1451
      1445
      1422
      1399
      1382
      1443
      1421
      1352
      1393
      1434
      1365
      1359
      1410
      1381
      1332
      1349
      1347
      1410
      1377
      1365
      1392
      1336
      1199
      1374
      1318
      1323
      1300
      1246
      1245
      1257
      1220
      1270
      1215
      1230
      1294
      1149
      1177
      1249
      1164
      1156
      1138
      1174
      1146
      1171
      1152
      1139
      1171
      1112
      1079
      1153
      1087
      1091
      1166
      1080
      1114
      1043
      1075
      1011
      1069
      1064
      1021
      1062
      1077
      1058
      1077
      1005
       982
      1020
      1010
       977
      1015
       945
      1050
       973
       993
      1017
       960
       992
       994
       974
      1019
       974
       979
       954
       984
      1029
       952
       962
       959
       939
       994
       967
       997
      1019
       917
       925
      1014
       975
       961
       954
       930
       943
       942
       929
       919
       956
       945
       898
       983
       963
       932
       918
       901
       963
       876
      1024
       899
       945
       913
       929
       912
       926
       917
       967
       932
       923
       949
       899
       898
       891
       895
       908
       926
       913
       885
       907
       845
       888
       932
       927
       896
       834
       930
       915
       901
       860
       879
       858
       869
       850
       878
       883
       832
       839
       888
       887
       911
       850
       877
       814
       835
       896
       853
       886
       879
       892
       912
       945
       921
       972
       947
       950
       957
      1004
      1013
       979
      1092
      1079
      1084
      1135
      1140
      1226
      1266
      1322
      1360
      1328
      1396
      1456
      1498
      1513
      1629
      1748
      1762
      1778
      1887
      1974
      2074
      2160
      2269
      2212
      2343
      2493
      2467
      2617
      2736
      2851
      2892
      3055
      3258
      3257
      3343
      3469
      3487
      3656
      3747
      3890
      3815
      4039
      4142
      4181
      4404
      4377
      4469
      4569
      4594
      4553
      4816
      4845
      4805
      4922
      4926
      5003
      5095
      5100
      5037
      5208
      5112
      4966
      5021
      4932
      5146
      5040
      4997
      4906
      4695
      4829
      4831
      4739
      4582
      4559
      4422
      4321
      4354
      4154
      4125
      3943
      3779
      3751
      3715
      3576
      3449
      3388
      3203
      3125
      2999
      2907
      2814
      2600
      2488
      2494
      2307
      2321
      2118
      2016
      2004
      1828
      1806
      1630
      1575
      1540
      1347
      1391
      1294
      1192
      1168
      1029
      1049
       972
       901
       831
       720
       713
       701
       680
       595
       519
       532
       517
       492
       461
       398
       447
       344
       358
       354
       331
       329
       300
       300
       289
       278
       266
       260
       264
       256
       253
       258
       261
       289
       296
       258
       269
       296
       299
       288
       319
       353
       397
       402
       411
       418
       417
       472
       487
       486
       556
       576
       638
       635
       708
       714
       761
       822
       838
       884
       924
      1063
      1087
      1107
      1159
      1251
      1339
      1356
      1430
      1520
      1560
      1622
      1669
      1787
      1895
      2019
      2034
      2105
      2169
      2300
      2276
      2513
      2544
      2602
      2720
      2779
      2862
      2925
      3116
      3156
      3133
      3314
      3426
      3361
      3434
      3609
      3530
      3714
      3593
      3857
      3866
      3813
      3911
      3910
      3993
      4025
      4092
      4057
      4034
      4164
      4103
      4198
      4040
      4199
      4059
      4006
      4031
      4021
      3992
      3841
      3818
      3869
      3723
      3775
      3682
      3717
      3635
      3482
      3482
      3412
      3281
      3220
      3180
      3042
      2975
      2867
      2765
      2701
      2534
      2526
      2479
      2436
      2305
      2155
      2166
      2058
      1926
      1808
      1844
      1669
      1617
      1617
      1503
      1377
      1382
      1362
      1221
      1160
      1052
      1015
       943
       891
       871
       785
       728
       691
       634
       582
       564
       545
       506
       455
       419
       409
       384
       360
       335
       308
       271
       236
       244
       233
       196
       205
       165
       159
       139
       111
       117
       106
       109
        90
        88
        75
        66
        40
        51
        55
        50
        41
        43
        35
        23
        24
        22
        23
        17
        14
        13
        17
        13
        15
        10
        14
         8
         9
        14
         7
         3
        11
         1
         8
        10
         3
         6
         7
         3
        11
        13
         6
         4
         7
         9
         7
         2
         9
         3
         7
         9
         4
         0
         6
         5
         3
         5
         1
         5
         3
         1
         6
         3
         6
         4
         2
         4
         9
         6
         6
         5
         6
         2
         3
         7
         6
         5
         5
         3
         6
         5
         2
         3
         3
         2
         4
         8
         3
         5
         9
         5
         7
         6
         2
         4
         3
         5
         4
         8
         6
         6
         5
         6
         9
         4
         4
        13
         4
         5
        10
         3
         3
         4
         2
         5
         5
         9
         6
         4
         9
         3
         6
        10
         3
         5
         3
         9
         9
         6
         9
         6
         7
         6
         6
         5
         7
         6
         0
         5
         5
         5
         4
         9
         8
         5
         7
         5
         3
         6
         1
         3
         7
         8
         6
         7
         4
         4
         5
         4
         5
         4
         6
         5
         7
         3
         3
         3
         1
         5
         2
         2
         5
         3
         6
         6
         3
         1
         4
         6
         8
         7
         6
         4
         5
         4
         3
         6
         9
         3
         5
         4
         8
         4
         4
         5
         5
         2
         1
         4
         8
         2
         8
         3
         3
         7
         8
         5
         6
         4
         8
         3
         4
         3
         3
         5
         6
         3
         5
         7
         4
         5
         5
         8
         9
         5
         5
         4
         6
         4
         6
         5
         3
         2
         4
         4
         3
         2
         5
         4
         6
         5
         9
         7
         7
         6
         4
         4
         4
         5
         3
         3
         5
         6
         3
         3
         8
         4
         6
         3
         8
         5
         4
         7
         7
         4
         7
         4
         6
         3
         4
        10
         4
         5
         5
         6
         2
         3
         5
         5
         4
         7
         2
         5
         5
         5
        10
         1
         3
         8
         4
         2
         7
         2
         4
         8
         9
         7
        10
         4
         8
         6
         5
         3
         3
         4
         6
         1
         2
         0
         3
         3
         6
         4
         5
         8
         2
         4
         1
         4
         3
         3
         7
         5
         3
         3
         3
         4
         2
         1
         1
         5
         4
         7
         2
         1
         8
         3
         5
         5
         3
         3
         3
         6
         4
         1
         3
         5
         4
         5
         1
         5
         3
         5
         3
         2
         8
         3
         5
         2
         2
         1
         1
         8
         1
         4
         2
         4
         1
         7
         4
         6
         3
         3
         5
         3
         3
         8
         4
         3
         3
         1
         3
         3
         2
         6
         4
         1
         6
         4
         6
         2
         0
         4
         4
         4
         3
         8
         5
         3
         1
         3
         3
         3
         4
         4
         3
         5
         4
         1
         3
         4
         3
         6
         0
         4
         7
         4
         2
        10
        11
         4
         8
         5
         7
         5
         4
         3
         2
         4
         4
         4
         5
         3
         3
         4
         7
         1
         4
         2
         3
         4
         5
         7
         6
         4
         4
         4
         5
         1
         6
         5
         3
         4
         3
         2
         6
         7
         4
         3
         3
         0
         4
         3
         7
         4
         3
         2
         3
         2
         3
         2
         2
         9
         6
         3
         3
         2
         4
         1
         3
         4
         6
         3
         2
         1
         1
         5
         2
         2
         3
         3
         3
         2
         4
         3
         3
         3
         2
         8
         3
         6
         1
         3
         4
         1
         1
         1
         2
         1
         0
         1
         1
         2
         2
         4
         0
         3
         1
         1
         2
         5
         1
         5
         0
         2
         4
         8
         2
         1
         4
         0
         3
         5
         6
         2
         2
         2
         5
         3
         5
         5
         2
         2
         5
         1
         2
         6
         1
         2
         5
         1
         5
         4
         3
         5
         5
         0
         5
         2
         0
         3
         3
         5
         3
         3
         2
         3
         0
         0
         2
         3
         2
         6
         4
         0
         1
         2
         2
         2
         0
         1
         3
         3
         2
         3
         2
         4
         3
         0
         0
         3
         6
         1
         1
         3
         2
         2
         1
         1
         3
         1
         3
         2
         7
         4
         2
         4
         4
         2
         6
         1
         3
         4
         2
         4
         6
         5
         3
         3
         4
         2
         4
         5
         2
         0
         2
         4
         5
         2
         3
         4
         4
         3
         3
         1
         6
         1
         3
         1
         2
         5
         1
         3
         1
         1
         2
         3
         1
         4
         4
         2
         1
         3
         3
         3
         4
         1
         2
         2
         4
         2
         2
         2
         0
         4
         4
         7
         2
         1
         5
         3
         4
         5
         5
         4
         2
         1
         1
         3
         5
         1
         2
         2
         3
         1
         3
         2
         0
         0
         3
         3
         3
         1
         3
         2
         0
         1
         2
         3
         3
         1
         1
         1
         0
         6
         4
         3
         1
         1
         2
         3
         1
         4
         1
         2
         5
         0
         3
         3
         1
         4
         3
         3
         3
         4
         1
         1
         5
         4
         4
         3
         2
         2
         3
         2
         1
         2
         6
         1
         0
         5
         3
         2
         0
         2
         1
         1
         2
         5
         0
         1
         6
         1
         2
         3
         0
         3
         3
         2
         4
         2
         1
         3
         6
         2
         2
         2
         3
         2
         0
         1
         4
         1
         2
         4
         2
         3
         3
         0
         4
         1
         2
         3
         2
         2
         3
         2
         2
         0
         1
         0
         2
         3
         1
         3
         0
         1
         2
         3
         3
         0
         4
         3
         1
         1
         2
         1
         1
         4
         3
         3
         2
         5
         2
         3
         2
         1
         2
         3
         1
         1
         1
         4
         2
         5
         2
         3
         1
         2
         5
         4
         3
         0
         4
         1
         4
         1
         0
         1
         2
         2
         2
         3
         5
         0
         2
         3
         0
         2
         3
         3
         2
         1
         7
         2
         1
         3
         3
         4
         5
         1
         0
         2
         4
         2
         3
         2
         3
         1
         2
         2
         2
         5
         1
         0
         0
         2
         2
         1
         3
         2
         1
         2
         2
         0
         3
         1
         1
         2
         2
         0
         2
         2
         2
         1
         2
         1
         1
         2
         3
         1
         0
         2
         1
         1
         1
         0
         1
         3
         2
         1
         0
         0
         1
         2
         1
         2
         2
         3
         0
         3
         0
         3
         1
         1
         1
         1
         0
         0
         0
         1
         2
         1
         2
         0
         1
         1
         5
         2
         2
         1
         2
         1
         1
         2
         1
         2
         1
         2
         0
         0
         3
         1
         1
         1
         1
         4
         1
         0
         3
         2
         1
         3
         0
         1
         0
         1
         0
         2
         3
         4
         1
         0
         0
         3
         2
         0
         4
         1
         1
         0
         2
         0
         1
         2
         1
         1
         1
         2
         1
         2
         2
         0
         0
         1
         1
         2
         1
         0
         1
         0
         1
         0
         1
         0
         2
         1
         1
         4
         0
         0
         2
         0
         2
         2
         1
         2
         2
         2
         4
         1
         2
         5
         1
         2
         3
         0
         5
         1
         3
         1
         3
         4
         2
         2
         3
         3
         1
         3
         5
         3
         0
         3
         2
         3
         2
         3
         4
         3
         3
         3
         1
         4
         5
         2
         0
         4
         2
         6
         5
         1
         4
         2
         1
         4
         5
         3
         5
         5
         6
         8
         7
         6
         4
         3
         9
         7
         6
         7
         2
         2
         3
         7
         3
         4
         3
         6
         3
         3
         5
         7
         3
         0
         2
         3
         4
         4
         1
         4
         2
         4
         2
         6
         2
         4
         6
         3
         4
         7
         4
         6
         7
         4
         2
         3
         6
        10
         4
         9
         5
         3
         6
         2
         3
         0
         2
         2
         4
         1
         0
         1
         4
         2
         6
         3
         3
         6
         2
         3
         3
         1
         4
         5
         2
         3
         4
         3
         1
         2
         2
         1
         1
         3
         3
         2
         3
         0
         4
         4
         3
         0
         1
         0
         1
         1
         0
         1
         0
         3
         1
         1
         1
         1
         1
         0
         2
         0
         1
         0
         0
         0
         0
         1
         1
         0
         0
         0
         1
         0
         0
         2
         2
         3
         0
         1
         0
         0
         0
         0
         0
         0
         0
         0
         0
         0
         0
         0
         0
         0
         1
         0
         0
         0
         0
         0
         0
         0
         0
         0
         0
         0
         0
         0
         0
         0
         0
         0
         0
         0
         0
         0
         0
         0
         0
         0
         0
         0
         0
         0
         0
         0
         0
         0
         0
         0
         0
         0
         0
         0
         0
         0
         0
         0
         0
         0
         0
         0
         0
         0
         0
         0
         0
         0
         0
         0
         0
         0
         0
         0
         0
         0
         0
         0
         0
         0
         0
         0
         0
         0
         0
         0
         0
         0
         0
         0
         0
         0
         0
         0
         0
         0
         0
         0
         0
         0
         0
         0
         0
         0
         0
         0
         0
         0
         0
         0
         0
         0
         0
         0
         0
         0
         0
         0
         0
         0
         0
         0
         0
         0
         0
         0
         0
         0
         0
         0
         0
         0
         0
         0
         0
         0
         0
         0
         0
         0
         0
         0
         0
         0
         0
         0
         0
         0
         0
         0
         0
         0
         0
         0
         0
         0
         0
         0
         0
         0
         0
         0
         0
         0
         0
         0
         0
         0
         0
         0
         0
         0
         0
         0
         0
         0
         0
         0
         0
         0
         0
         0
         0
         0
         0
         0
         0
         0
         0
         0
         0
         0
         0
         0
         0
         0
         0
         0
         0
         0
         0
         0
         0
         0
         0
         0
         0
         0
         0
         0
         0
         0
         0
         0
         0
         0
         0
         0
         0
         0
         0
         0
         0
         0
         0
         0
         0
         0
         0
         0
         0
         0
         0
         0
         0
         0
         0
         0
         0
         0
         0
         0
         0
         0
         0
         0
         0
         0
         0
         0
         0
         0
         0
         0
         0
         0
         0
         0
         0
         0
         0
         0
         0
         0
         0
         0
         0
         0
         0
         0
         0
         0
         0
         0
         0
         0
         0
         0
         0
         0
         0
         0
         0
         0
         0
         0
         0
         0
         0
         0
         0
         0
         0
         0
         0
         0
         0
         0
         0
         0
         0
         0
         0
         0
         0
         0
         0
         0
         0
         0
         0
         0
         0
         0
         0
         0
         0
         0
         0
         0
         0
         0
         0
         0
         0
         0
         0
         0
         0
         0
         0
         0
         0
         0
         0
         0
         0
         0
         0
         0
         0
         0
         0
         0
         0
         0
         0
         0
         0
         0
         0
         0
         0
         0
         0
         0
         0
         0
         0
         0
         0
         0
         0
         0
         0
         0
         0
         0
         0
         0
         0
         0
         0
         0
         0
         0
         0
         0
         0
         0
         0
         0
         0
         0
         0
         0
         0
         0
         0
         0
         0
         0
         0
         0
         0
