         0
         0
         0
         0
         0
         0
         0
         0
         0
         0
      1241
      1158
      1144
      1195
      1237
      1175
      1157
      1204
      1261
      1239
      1247
      1249
      1229
      1253
      1313
      1244
      1286
      1254
      1316
      1221
      1269
      1318
      1270
      1267
      1290
      1263
      1309
      1284
      1243
      1274
      1276
      1275
      1275
      1283
      1250
      1292
      1327
      1292
      1321
      1333
      1312
      1297
      1294
      1277
      1283
      1290
      1268
      1229
      1310
      1278
      1286
      1322
      1344
      1332
      1330
      1334
      1326
      1328
      1293
      1335
      1327
      1319
      1350
      1427
      1367
      1428
      1392
      1339
      1372
      1335
      1338
      1393
      1449
      1353
      1443
      1434
      1441
      1519
      1520
      1490
      1510
      1547
      1546
      1673
      1621
      1640
      1645
      1637
      1729
      1718
      1791
      1843
      1757
      1854
      1872
      1841
      1892
      1909
      1907
      1875
      1892
      1914
      1978
      2036
      1889
      1986
      2044
      2047
      2151
      2060
      2208
      2168
      2165
      2221
      2215
      2165
      2199
      2242
      2243
      2178
      2303
      2274
      2324
      2352
      2266
      2310
      2337
      2323
      2419
      2346
      2354
      2298
      2347
      2382
      2338
      2384
      2436
      2393
      2466
      2411
      2365
      2370
      2421
      2450
      2467
      2400
      2528
      2526
      2502
      2435
      2452
      2454
      2451
      2574
      2575
      2470
      2510
      2547
      2521
      2472
      2514
      2512
      2583
      2466
      2452
      2621
      2616
      2445
      2536
      2531
      2482
      2561
      2579
      2432
      2526
      2545
      2535
      2528
      2608
      2584
      2588
      2486
      2550
      2467
      2567
      2665
      2531
      2519
      2627
      2588
      2656
      2664
      2686
      2656
      2711
      2732
      2717
      2765
      2815
      2845
      2826
      2802
      2861
      2853
      2802
      3019
      2963
      2996
      2932
      2887
      2896
      3015
      2964
      2944
      2929
      3018
      2953
      3047
      2920
      2962
      2980
      3023
      2908
      2928
      2920
      2922
      2799
      2762
      2888
      2879
      2910
      2842
      2764
      2749
      2860
      2716
      2674
      2750
      2760
      2750
      2747
      2819
      2710
      2669
      2715
      2683
      2654
      2670
      2735
      2767
      2610
      2600
      2663
      2589
      2522
      2517
      2598
      2660
      2607
      2571
      2534
      2573
      2542
      2553
      2552
      2583
      2518
      2512
      2413
      2470
      2518
      2445
      2458
      2460
      2372
      2487
      2470
      2571
      2374
      2351
      2419
      2484
      2333
      2354
      2393
      2433
      2345
      2355
      2319
      2361
      2354
      2279
      2355
      2353
      2307
      2349
      2318
      2237
      2250
      2334
      2311
      2260
      2310
      2239
      2192
      2249
      2265
      2246
      2168
      2139
      2222
      2227
      2167
      2192
      2186
      2113
      2136
      2091
      2081
      2131
      2110
      2134
      2066
      2075
      2062
      2059
      2092
      2009
      2033
      2012
      2019
      2115
      2055
      2041
      1959
      1975
      2135
      2008
      1944
      2067
      2102
      2051
      2052
      2005
      2067
      2039
      2020
      2010
      2011
      2012
      2001
      1921
      1931
      1934
      1997
      1968
      1968
      1967
      1993
      1930
      1967
      1955
      1948
      1903
      1898
      1946
      1917
      1910
      1865
      1822
      1817
      1845
      1877
      1892
      1925
      1907
      1876
      1844
      1778
      1830
      1798
      1801
      1819
      1878
      1876
      1729
      1810
      1819
      1783
      1729
      1816
      1688
      1725
      1757
      1777
      1696
      1728
      1684
      1749
      1753
      1804
      1722
      1693
      1684
      1743
      1757
      1661
      1732
      1782
      1605
      1681
      1734
      1657
      1726
      1666
      1607
      1676
      1744
      1693
      1682
      1729
      1626
      1667
      1604
      1669
      1594
      1646
      1643
      1672
      1558
      1560
      1613
      1653
      1600
      1530
      1614
      1658
      1628
      1595
      1571
      1610
      1611
      1644
      1632
      1694
      1644
      1608
      1587
      1505
      1573
      1591
      1592
      1555
      1546
      1650
      1557
      1577
      1589
      1586
      1638
      1579
      1608
      1534
      1502
      1540
      1537
      1480
      1585
      1502
      1556
      1559
      1567
      1527
      1602
      1529
      1527
      1550
      1569
      1503
      1502
      1650
      1507
      1545
      1516
      1523
      1479
      1551
      1535
      1588
      1551
      1572
      1548
      1567
      1520
      1520
      1592
      1494
      1529
      1547
      1506
      1549
      1488
      1487
      1601
      1553
      1547
      1524
      1498
      1536
      1551
      1509
      1487
      1443
      1456
      1509
      1543
      1469
      1415
      1460
      1545
      1507
      1484
      1507
      1464
      1430
      1392
      1468
      1536
      1459
      1500
      1451
      1458
      1467
      1427
      1519
      1447
      1443
      1507
      1520
      1442
      1443
      1388
      1491
      1430
      1427
      1372
      1482
      1397
      1462
      1433
      1475
      1373
      1464
      1420
      1357
      1362
      1427
      1366
      1403
      1352
      1467
      1402
      1346
      1412
      1402
      1399
      1359
      1362
      1385
      1368
      1423
      1374
      1328
      1389
      1351
      1404
      1366
      1368
      1376
      1413
      1323
      1365
      1404
      1272
      1378
      1414
      1461
      1376
      1359
      1356
      1317
      1360
      1420
      1386
      1348
      1343
      1390
      1329
      1401
      1339
      1319
      1345
      1334
      1353
      1326
      1322
      1321
      1341
      1335
      1360
      1343
      1353
      1236
      1425
      1366
      1354
      1316
      1307
      1359
      1321
      1331
      1350
      1271
      1363
      1329
      1360
      1329
      1327
      1354
      1284
      1321
      1303
      1293
      1318
      1389
      1327
      1333
      1316
      1319
      1329
      1347
      1352
      1321
      1252
      1354
      1319
      1338
      1313
      1333
      1373
      1291
      1341
      1289
      1249
      1334
      1252
      1279
      1274
      1289
      1315
      1294
      1231
      1262
      1335
      1316
      1281
      1340
      1300
      1342
      1287
      1327
      1291
      1305
      1271
      1335
      1293
      1316
      1299
      1235
      1325
      1289
      1274
      1298
      1254
      1300
      1187
      1256
      1387
      1310
      1305
      1280
      1251
      1376
      1261
      1286
      1269
      1278
      1234
      1256
      1267
      1308
      1213
      1262
      1209
      1244
      1288
      1348
      1217
      1273
      1296
      1306
      1255
      1228
      1258
      1300
      1217
      1250
      1309
      1222
      1264
      1322
      1271
      1281
      1290
      1288
      1246
      1230
      1266
      1268
      1286
      1291
      1243
      1268
      1215
      1273
      1296
      1237
      1273
      1301
      1249
      1287
      1241
      1278
      1235
      1275
      1307
      1269
      1245
      1266
      1291
      1234
      1239
      1235
      1281
      1267
      1242
      1291
      1215
      1249
      1217
      1254
      1281
      1264
      1238
      1286
      1221
      1305
      1236
      1264
      1253
      1286
      1254
      1211
      1298
      1282
      1227
      1235
      1247
      1285
      1295
      1186
      1285
      1247
      1325
      1273
      1273
      1280
      1255
      1286
      1250
      1283
      1252
      1248
      1318
      1283
      1303
      1207
      1197
      1349
      1264
      1211
      1280
      1332
      1251
      1288
      1217
      1231
      1261
      1251
      1324
      1264
      1216
      1287
      1296
      1308
      1229
      1287
      1294
      1320
      1258
      1278
      1294
      1285
      1330
      1238
      1289
      1323
      1286
      1283
      1233
      1264
      1324
      1239
      1312
      1290
      1250
      1320
      1296
      1279
      1314
      1222
      1328
      1284
      1311
      1315
      1231
      1281
      1282
      1287
      1252
      1253
      1254
      1244
      1305
      1312
      1298
      1281
      1300
      1378
      1292
      1274
      1196
      1268
      1280
      1297
      1299
      1280
      1279
      1258
      1263
      1299
      1272
      1295
      1258
      1304
      1349
      1331
      1356
      1328
      1291
      1327
      1312
      1367
      1364
      1284
      1247
      1297
      1345
      1258
      1322
      1298
      1349
      1336
      1323
      1278
      1293
      1339
      1323
      1295
      1289
      1307
      1317
      1351
      1259
      1368
      1294
      1295
      1347
      1305
      1236
      1264
      1286
      1277
      1282
      1326
      1269
      1317
      1329
      1247
      1225
      1295
      1247
      1284
      1268
      1299
      1254
      1272
      1303
      1278
      1298
      1267
      1328
      1273
      1249
      1214
      1175
      1237
      1281
      1240
      1243
      1211
      1174
      1142
      1156
      1193
      1169
      1199
      1231
      1199
      1137
      1218
      1144
      1192
      1152
      1139
      1101
      1084
      1077
      1096
      1085
      1034
      1032
      1006
      1135
      1063
      1010
      1094
      1071
       992
      1039
      1037
      1009
      1037
      1040
       975
      1003
       960
       986
       983
       963
       947
      1020
       933
       925
       899
       945
       918
       955
       957
       948
       928
       939
       909
       899
       912
       886
       954
       937
       916
       893
       943
       930
       945
       878
       898
       904
       889
       895
       872
       894
       874
       895
       927
       902
       852
       890
       935
       884
       836
       864
       908
       892
       830
       895
       881
       884
       833
       935
       870
       857
       886
       926
       822
       883
       871
       886
       904
       871
       881
       862
       879
       898
       910
       904
       893
       907
       915
       829
       846
       856
       859
       845
       889
       873
       887
       804
       848
       853
       816
       907
       803
       884
       833
       843
       843
       809
       860
       864
       839
       849
       825
       846
       838
       812
       828
       853
       827
       851
       789
       788
       787
       815
       839
       826
       801
       816
       814
       792
       770
       890
       759
       885
       833
       835
       803
       862
       869
       813
       881
       879
       911
       883
       925
       989
       978
      1001
      1018
      1030
      1147
      1124
      1128
      1197
      1156
      1321
      1206
      1362
      1345
      1434
      1475
      1551
      1644
      1610
      1633
      1695
      1859
      1843
      1866
      2005
      2140
      2218
      2236
      2331
      2389
      2502
      2521
      2698
      2705
      2768
      2880
      2990
      2933
      3098
      3225
      3235
      3322
      3389
      3442
      3534
      3539
      3566
      3769
      3631
      3789
      3964
      3855
      3937
      3902
      4019
      4032
      4024
      4074
      4125
      4046
      4058
      4020
      3893
      3924
      3875
      3969
      3870
      3840
      3809
      3747
      3705
      3824
      3555
      3504
      3468
      3431
      3257
      3240
      3244
      3178
      3109
      3025
      2808
      2692
      2676
      2482
      2513
      2372
      2239
      2319
      2188
      2027
      1930
      1860
      1832
      1661
      1583
      1622
      1534
      1462
      1332
      1354
      1224
      1150
      1058
      1023
      1025
       968
       807
       817
       763
       749
       680
       627
       613
       546
       498
       546
       491
       465
       409
       421
       406
       348
       376
       339
       324
       321
       313
       292
       281
       271
       266
       264
       245
       283
       237
       243
       244
       246
       234
       234
       249
       266
       277
       283
       271
       295
       307
       304
       316
       357
       373
       369
       390
       399
       435
       412
       496
       512
       549
       557
       603
       650
       652
       675
       768
       793
       811
       859
       868
       927
       975
      1052
      1123
      1205
      1156
      1267
      1263
      1340
      1433
      1523
      1546
      1610
      1627
      1700
      1681
      1926
      1914
      2039
      2037
      2219
      2222
      2290
      2328
      2314
      2438
      2533
      2572
      2693
      2788
      2726
      2935
      2893
      2951
      3011
      2931
      3029
      3046
      3121
      3157
      3232
      3269
      3279
      3315
      3269
      3208
      3352
      3338
      3358
      3325
      3380
      3305
      3250
      3257
      3239
      3268
      3157
      3170
      3147
      3053
      3050
      3006
      2930
      2879
      2746
      2727
      2730
      2647
      2525
      2611
      2472
      2366
      2361
      2249
      2252
      2145
      2009
      1934
      1965
      1827
      1747
      1649
      1673
      1587
      1519
      1462
      1411
      1304
      1233
      1177
      1140
      1100
      1052
      1026
       917
       854
       797
       814
       720
       710
       655
       599
       554
       524
       504
       458
       443
       434
       379
       304
       330
       280
       307
       250
       278
       217
       204
       188
       171
       166
       142
       134
       137
       119
       102
       114
       107
        65
        74
        56
        54
        54
        55
        50
        42
        44
        36
        42
        35
        27
        20
        27
        14
        15
        27
        13
        18
        11
         9
        13
        11
         9
        12
        12
        10
         6
         8
        12
         4
         4
         3
        12
         2
         9
         1
         3
         7
         6
        11
        10
         7
        11
         8
         7
         4
        10
         5
         6
         3
         2
         6
         6
         3
         3
         7
        12
         6
         7
         4
         8
         7
        11
         4
         4
         4
         4
         8
         2
         3
         4
         5
         4
         9
         5
         1
         6
         2
         7
         4
         0
         3
         5
         6
         1
         7
         8
         4
         2
        11
         8
         5
         8
         3
         6
         5
         9
         5
         5
        11
        11
         8
         5
         7
         7
         1
         4
         3
         1
         8
         3
         8
         8
         5
         2
         4
         5
         7
         8
         4
         3
         7
         5
         2
         8
         5
         6
         2
         7
         7
        10
         4
         7
         2
         7
         5
         9
         3
         5
         4
         8
         7
         3
         4
         4
         4
         3
         4
         2
         4
         5
         2
         5
         6
         4
         3
         3
         7
         4
         4
         2
         3
         4
         1
         7
         2
         4
         3
         6
         3
         3
         6
         4
         2
         5
         3
         5
         5
         8
         7
         7
         3
         3
         4
         3
         2
         4
         3
         6
         3
         0
         2
         3
         3
         4
         2
         6
         1
         4
         2
         2
         4
         7
         2
         5
         2
         3
         4
         4
         5
         3
         5
         1
         5
         1
         2
         4
         3
         2
         3
         2
         2
         3
         3
         2
         6
         2
         6
         0
         2
         3
         1
         5
         4
         1
         3
         3
         3
         3
         2
         4
         1
         4
         2
         5
         2
         2
         6
         1
         0
         5
         4
         1
         3
         2
         2
         2
         4
         2
         2
         0
         4
         4
         4
         4
         3
         4
         2
         5
         0
         4
         3
         5
         2
         3
         1
         1
         1
         4
         1
         2
         6
         3
         2
         1
         1
         3
         3
         2
         3
         4
         3
         2
         4
         3
         1
         1
         0
         3
         3
         5
         2
         4
         5
         5
         2
         5
         0
         2
         1
         3
         1
         2
         1
         1
         6
         1
         4
         2
         3
         4
         4
         6
         3
         2
         1
         3
         3
         3
         2
         2
         3
         3
         1
         3
         3
         0
         3
         5
         3
         4
         3
         4
         2
         1
         4
         3
         1
         1
         0
         1
         0
         5
         2
         4
         5
         6
         1
         2
         4
         3
         1
         3
         4
         3
         1
         2
         0
         2
         1
         5
         1
         2
         2
         2
         0
         0
         2
         4
         1
         1
         2
         2
         3
         1
         3
         4
         6
         3
         3
         1
         3
         2
         1
         8
         2
         4
         2
         3
         5
         4
         1
         6
         2
         1
         1
         7
         4
         4
         5
         2
         2
         3
         3
         2
         1
         2
         3
         3
         3
         6
         2
         1
         2
         4
         2
         0
         3
         2
         0
         2
         3
         7
         5
         1
         4
         0
         4
         3
         4
         1
         1
         3
         1
         5
         2
         2
         3
         1
         2
         4
         0
         1
         4
         4
         2
         2
         4
         1
         4
         3
         3
         1
         5
         4
         2
         1
         1
         6
         3
         6
         3
         4
         7
         3
         4
         3
         2
         4
         2
         4
         4
         5
         0
         2
         6
         1
         3
         4
         3
         3
         1
         2
         2
         1
         1
         3
         2
         2
         3
         7
         1
         3
         2
         1
         1
         7
         3
         2
         3
         2
         5
         2
         5
         2
         6
         2
         4
         1
         3
         2
         1
         2
         6
         5
         1
         0
         2
         2
         2
         6
         2
         0
         1
         3
         2
         2
         3
         1
         5
         0
         2
         2
         2
         1
         4
         1
         2
         4
         4
         4
         2
         1
         3
         5
         0
         0
         1
         1
         5
         0
         0
         1
         5
         3
         1
         1
         1
         2
         0
         0
         1
         6
         1
         5
         0
         2
         5
         2
         3
         2
         2
         3
         2
         1
         4
         1
         3
         3
         0
         1
         0
         2
         2
         2
         2
         2
         2
         1
         2
         1
         1
         1
         1
         1
         2
         2
         0
         0
         2
         1
         1
         0
         1
         2
         3
         5
         2
         1
         3
         2
         0
         2
         2
         1
         4
         2
         1
         2
         1
         3
         1
         2
         4
         1
         4
         1
         1
         3
         2
         3
         4
         3
         1
         1
         5
         3
         2
         2
         3
         1
         1
         3
         0
         2
         3
         1
         3
         2
         1
         0
         2
         3
         2
         0
         0
         1
         4
         2
         3
         4
         0
         0
         2
         6
         2
         1
         1
         2
         2
         3
         2
         1
         2
         4
         2
         1
         0
         4
         1
         3
         2
         5
         1
         3
         0
         3
         1
         2
         0
         1
         2
         2
         2
         2
         1
         0
         1
         1
         0
         3
         3
         1
         1
         1
         3
         1
         4
         2
         2
         2
         3
         4
         2
         1
         0
         3
         3
         2
         0
         2
         1
         2
         2
         1
         3
         2
         3
         1
         0
         1
         1
         4
         3
         3
         0
         2
         1
         1
         1
         3
         6
         3
         3
         3
         2
         1
         1
         1
         3
         3
         0
         2
         2
         1
         0
         3
         3
         2
         5
         0
         1
         3
         2
         3
         1
         3
         2
         1
         1
         5
         1
         4
         2
         3
         2
         1
         2
         3
         2
         5
         2
         3
         1
         3
         2
         0
         0
         2
         3
         2
         1
         2
         2
         4
         2
         0
         0
         5
         2
         2
         3
         3
         1
         6
         0
         0
         3
         1
         4
         1
         4
         1
         0
         1
         1
         3
         1
         2
         3
         2
         1
         1
         5
         4
         4
         2
         2
         1
         1
         2
         0
         4
         1
         0
         3
         1
         1
         4
         2
         0
         4
         3
         0
         2
         1
         0
         2
         2
         0
         0
         2
         3
         1
         2
         1
         4
         2
         3
         2
         1
         0
         1
         1
         0
         2
         1
         0
         1
         2
         0
         1
         1
         0
         1
         1
         2
         1
         1
         2
         2
         3
         0
         3
         1
         1
         1
         1
         4
         2
         2
         0
         0
         0
         1
         0
         1
         2
         1
         1
         2
         1
         1
         3
         0
         0
         1
         0
         0
         0
         0
         2
         1
         0
         0
         2
         0
         4
         2
         0
         1
         0
         1
         1
         0
         2
         0
         0
         1
         0
         0
         0
         1
         0
         0
         1
         0
         2
         0
         0
         1
         0
         1
         0
         1
         0
         0
         1
         0
         0
         0
         4
         0
         0
         0
         0
         0
         0
         0
         0
         0
         1
         1
         0
         0
         1
         0
         1
         0
         1
         1
         3
         0
         1
         1
         0
         0
         0
         0
         1
         1
         0
         0
         1
         1
         0
         0
         0
         0
         1
         1
         0
         1
         0
         1
         1
         1
         1
         0
         0
         1
         0
         0
         3
         2
         0
         1
         2
         2
         2
         1
         1
         0
         0
         1
         1
         1
         0
         2
         1
         1
         0
         1
         2
         2
         3
         3
         2
         1
         3
         2
         1
         0
         1
         4
         2
         2
         2
         3
         2
         1
         3
         1
         4
         6
         3
         2
         4
         2
         3
         2
         1
         2
         2
         6
         4
         0
         2
         0
         2
         1
         2
         2
         2
         2
         0
         1
         4
         2
         3
         4
         2
         4
         2
         1
         6
         2
         3
         4
         2
         4
         0
         4
         4
         0
         3
         2
         5
         1
         4
         2
         3
         1
         0
         3
         2
         6
         3
         0
         0
         3
         2
         0
         3
         4
         4
         2
         1
         4
         3
         1
         2
         3
         1
         4
         0
         2
         2
         2
         0
         4
         0
         0
         1
         1
         1
         2
         4
         0
         1
         3
         3
         1
         2
         1
         1
         1
         0
         0
         1
         1
         0
         0
         0
         1
         0
         0
         0
         1
         1
         0
         0
         0
         2
         1
         0
         0
         0
         1
         1
         1
         0
         0
         0
         0
         2
         0
         1
         0
         0
         0
         0
         0
         0
         0
         0
         0
         0
         0
         0
         0
         1
         0
         0
         0
         0
         0
         0
         0
         2
         0
         0
         0
         0
         0
         0
         0
         0
         0
         0
         1
         0
         1
         0
         0
         0
         0
         0
         0
         0
         0
         0
         1
         0
         0
         0
         0
         0
         0
         0
         0
         0
         0
         0
         0
         0
         0
         0
         0
         0
         0
         0
         0
         0
         0
         0
         0
         0
         0
         0
         0
         0
         0
         0
         0
         0
         0
         0
         0
         0
         0
         0
         0
         0
         0
         0
         0
         0
         0
         0
         0
         0
         0
         0
         0
         0
         0
         0
         0
         0
         0
         0
         0
         0
         0
         0
         0
         0
         0
         0
         0
         0
         0
         0
         0
         0
         0
         0
         0
         0
         0
         0
         0
         0
         0
         0
         0
         0
         0
         0
         0
         0
         0
         0
         0
         0
         0
         0
         0
         0
         0
         0
         0
         0
         0
         0
         0
         0
         0
         0
         0
         0
         0
         0
         0
         0
         0
         0
         0
         0
         0
         0
         0
         0
         0
         0
         0
         0
         0
         0
         0
         0
         0
         0
         0
         0
         0
         0
         0
         0
         0
         0
         0
         0
         0
         0
         0
         0
         0
         0
         0
         0
         0
         0
         0
         0
         0
         0
         0
         0
         0
         0
         0
         0
         0
         0
         0
         0
         0
         0
         0
         0
         0
         0
         0
         0
         0
         0
         0
         0
         0
         0
         0
         0
         0
         0
         0
         0
         0
         0
         0
         0
         0
         0
         0
         0
         0
         0
         0
         0
         0
         0
         0
         0
         0
         0
         0
         0
         0
         0
         0
         0
         0
         0
         0
         0
         0
         0
         0
         0
         0
         0
         0
         0
         0
         0
         0
         0
         0
         0
         0
         0
         0
         0
         0
         0
         0
         0
         0
         0
         0
         0
         0
         0
         0
         0
         0
         0
         0
         0
         0
         0
         0
         0
         0
         0
         0
         0
         0
         0
         0
         0
         0
         0
         0
         0
         0
         0
         0
         0
         0
         0
         0
         0
         0
         0
         0
         0
         0
         0
         0
         0
         0
         0
         0
         0
         0
         0
         0
         0
         0
         0
         0
         0
         0
         0
         0
         0
         0
         0
         0
         0
         0
         0
         0
         0
         0
         0
         0
         0
         0
         0
         0
         0
         0
         0
         0
         0
         0
         0
         0
         0
         0
         0
         0
         0
         0
         0
         0
         0
         0
         0
         0
         0
         0
         0
         0
         0
         0
         0
         0
         0
         0
         0
         0
         0
         0
         0
         0
         0
         0
         0
         0
         0
         0
         0
         0
         0
         0
         0
         0
         0
         0
         0
         0
         0
