         0
         0
         0
         0
         0
         0
         0
         0
         0
         0
       997
       985
      1059
      1066
      1079
       997
      1046
      1125
      1098
      1122
      1080
      1045
      1083
      1075
      1075
      1075
      1141
      1106
      1139
      1174
      1167
      1168
      1110
      1155
      1263
      1148
      1173
      1177
      1163
      1131
      1112
      1138
      1039
      1126
      1032
      1069
      1102
      1156
      1081
      1168
      1077
      1156
      1100
      1140
      1113
      1102
      1149
      1197
      1184
      1193
      1080
      1185
      1133
      1194
      1193
      1148
      1197
      1191
      1062
      1179
      1130
      1165
      1111
      1160
      1125
      1069
      1127
      1047
      1150
      1063
      1050
      1132
      1096
      1090
      1168
      1156
      1117
      1192
      1176
      1095
      1196
      1199
      1187
      1191
      1153
      1123
      1194
      1126
      1219
      1160
      1149
      1167
      1125
      1126
      1119
      1171
      1173
      1201
      1193
      1190
      1162
      1154
      1153
      1147
      1128
      1207
      1104
      1205
      1195
      1182
      1123
      1134
      1169
      1112
      1157
      1221
      1198
      1206
      1169
      1248
      1158
      1172
      1170
      1150
      1248
      1160
      1159
      1218
      1207
      1187
      1135
      1188
      1172
      1150
      1181
      1212
      1195
      1149
      1174
      1222
      1190
      1205
      1114
      1127
      1160
      1146
      1065
      1128
      1186
      1142
      1162
      1127
      1142
      1100
      1161
      1123
      1094
      1158
      1230
      1134
      1203
      1197
      1184
      1157
      1191
      1119
      1158
      1168
      1181
      1151
      1191
      1144
      1162
      1220
      1183
      1157
      1154
      1190
      1178
      1187
      1221
      1215
      1201
      1222
      1228
      1221
      1242
      1210
      1247
      1260
      1204
      1286
      1241
      1345
      1345
      1287
      1366
      1398
      1396
      1468
      1408
      1404
      1449
      1473
      1411
      1383
      1530
      1478
      1482
      1492
      1538
      1533
      1491
      1555
      1567
      1558
      1570
      1563
      1525
      1548
      1525
      1539
      1555
      1567
      1552
      1533
      1557
      1453
      1535
      1614
      1587
      1555
      1534
      1538
      1570
      1468
      1521
      1506
      1525
      1492
      1512
      1501
      1481
      1489
      1424
      1443
      1393
      1495
      1485
      1493
      1468
      1435
      1380
      1470
      1439
      1470
      1403
      1433
      1440
      1486
      1454
      1429
      1383
      1473
      1446
      1445
      1379
      1353
      1438
      1417
      1403
      1357
      1349
      1368
      1441
      1405
      1407
      1434
      1342
      1413
      1367
      1408
      1396
      1388
      1371
      1400
      1370
      1421
      1437
      1414
      1379
      1398
      1436
      1418
      1378
      1392
      1404
      1433
      1365
      1413
      1424
      1433
      1303
      1315
      1328
      1364
      1363
      1389
      1321
      1360
      1374
      1340
      1296
      1355
      1354
      1356
      1337
      1311
      1318
      1296
      1293
      1317
      1290
      1268
      1301
      1348
      1338
      1281
      1288
      1293
      1311
      1307
      1273
      1367
      1262
      1255
      1291
      1282
      1291
      1302
      1188
      1250
      1289
      1290
      1285
      1311
      1242
      1204
      1313
      1293
      1256
      1291
      1278
      1240
      1322
      1227
      1272
      1300
      1325
      1209
      1298
      1299
      1283
      1237
      1309
      1335
      1273
      1238
      1235
      1209
      1241
      1300
      1245
      1264
      1295
      1308
      1274
      1259
      1322
      1229
      1295
      1286
      1250
      1211
      1165
      1194
      1271
      1238
      1239
      1245
      1254
      1259
      1223
      1263
      1311
      1314
      1280
      1308
      1319
      1293
      1237
      1260
      1250
      1237
      1256
      1201
      1229
      1279
      1207
      1264
      1245
      1228
      1245
      1238
      1224
      1300
      1243
      1225
      1264
      1224
      1231
      1199
      1204
      1224
      1232
      1245
      1184
      1197
      1257
      1242
      1178
      1164
      1201
      1265
      1200
      1257
      1222
      1234
      1210
      1206
      1212
      1188
      1275
      1211
      1171
      1254
      1288
      1249
      1200
      1247
      1181
      1216
      1258
      1228
      1209
      1236
      1271
      1254
      1263
      1225
      1255
      1246
      1243
      1119
      1212
      1245
      1220
      1198
      1209
      1314
      1180
      1249
      1202
      1250
      1202
      1226
      1260
      1211
      1124
      1191
      1155
      1294
      1215
      1182
      1165
      1161
      1202
      1239
      1249
      1239
      1121
      1230
      1208
      1253
      1179
      1112
      1228
      1209
      1186
      1203
      1169
      1194
      1206
      1175
      1132
      1128
      1184
      1212
      1187
      1178
      1204
      1235
      1187
      1182
      1162
      1178
      1172
      1184
      1187
      1220
      1139
      1200
      1140
      1138
      1208
      1209
      1165
      1259
      1133
      1227
      1248
      1249
      1235
      1213
      1231
      1194
      1194
      1279
      1185
      1174
      1241
      1130
      1159
      1176
      1228
      1167
      1206
      1265
      1197
      1266
      1174
      1187
      1249
      1144
      1180
      1187
      1202
      1178
      1196
      1215
      1212
      1241
      1213
      1184
      1213
      1127
      1217
      1180
      1231
      1171
      1217
      1278
      1217
      1242
      1217
      1235
      1156
      1172
      1259
      1190
      1200
      1247
      1210
      1219
      1177
      1202
      1132
      1186
      1210
      1267
      1179
      1158
      1280
      1165
      1184
      1235
      1185
      1258
      1162
      1202
      1132
      1194
      1187
      1252
      1237
      1206
      1219
      1233
      1208
      1217
      1242
      1192
      1208
      1225
      1216
      1210
      1270
      1192
      1270
      1211
      1251
      1241
      1167
      1229
      1206
      1236
      1194
      1225
      1232
      1257
      1164
      1244
      1172
      1248
      1255
      1330
      1236
      1224
      1256
      1259
      1176
      1267
      1267
      1351
      1283
      1193
      1266
      1207
      1309
      1262
      1307
      1302
      1266
      1318
      1304
      1244
      1260
      1288
      1316
      1290
      1321
      1272
      1283
      1290
      1282
      1343
      1335
      1320
      1245
      1308
      1273
      1263
      1285
      1368
      1352
      1325
      1347
      1293
      1302
      1291
      1304
      1316
      1277
      1286
      1353
      1330
      1372
      1336
      1278
      1307
      1270
      1310
      1350
      1308
      1250
      1297
      1332
      1328
      1327
      1341
      1307
      1336
      1357
      1369
      1375
      1313
      1358
      1322
      1327
      1269
      1314
      1320
      1351
      1391
      1314
      1320
      1310
      1378
      1345
      1269
      1294
      1281
      1284
      1307
      1338
      1313
      1306
      1328
      1315
      1361
      1305
      1332
      1316
      1320
      1337
      1391
      1373
      1280
      1404
      1320
      1370
      1377
      1321
      1318
      1393
      1341
      1362
      1311
      1310
      1303
      1420
      1286
      1350
      1395
      1399
      1346
      1415
      1391
      1316
      1392
      1323
      1294
      1370
      1435
      1434
      1398
      1383
      1421
      1294
      1371
      1412
      1355
      1332
      1289
      1460
      1430
      1392
      1334
      1462
      1457
      1430
      1494
      1454
      1448
      1469
      1351
      1452
      1445
      1470
      1400
      1450
      1429
      1413
      1440
      1366
      1400
      1420
      1428
      1476
      1454
      1401
      1496
      1392
      1459
      1362
      1456
      1402
      1482
      1465
      1540
      1498
      1476
      1486
      1478
      1379
      1476
      1442
      1496
      1486
      1456
      1338
      1529
      1437
      1463
      1480
      1479
      1448
      1478
      1392
      1464
      1454
      1458
      1429
      1460
      1467
      1550
      1478
      1510
      1477
      1485
      1495
      1525
      1485
      1503
      1445
      1430
      1504
      1479
      1505
      1450
      1508
      1484
      1492
      1465
      1463
      1520
      1460
      1445
      1470
      1527
      1517
      1444
      1473
      1503
      1511
      1564
      1513
      1530
      1513
      1528
      1574
      1528
      1561
      1535
      1549
      1481
      1550
      1559
      1589
      1550
      1519
      1541
      1581
      1491
      1548
      1535
      1547
      1619
      1512
      1543
      1600
      1567
      1597
      1529
      1581
      1549
      1539
      1568
      1620
      1614
      1598
      1541
      1551
      1558
      1641
      1645
      1640
      1540
      1584
      1604
      1603
      1646
      1692
      1580
      1623
      1667
      1685
      1578
      1631
      1615
      1616
      1604
      1581
      1601
      1568
      1608
      1601
      1619
      1635
      1548
      1492
      1557
      1587
      1557
      1616
      1549
      1506
      1554
      1505
      1522
      1515
      1492
      1458
      1517
      1470
      1519
      1412
      1494
      1376
      1500
      1404
      1393
      1410
      1402
      1341
      1389
      1294
      1346
      1331
      1369
      1393
      1291
      1235
      1235
      1208
      1257
      1265
      1235
      1216
      1226
      1268
      1210
      1207
      1156
      1129
      1187
      1197
      1157
      1118
      1135
      1126
      1186
      1120
      1098
      1136
      1125
      1077
      1021
      1063
      1079
      1051
      1108
      1060
      1008
      1049
      1078
      1085
       995
      1074
      1126
      1002
      1030
      1084
      1043
      1070
      1000
      1045
      1018
       917
      1021
      1072
      1013
      1010
      1016
      1056
       970
       994
      1057
       975
       989
      1023
       995
       951
      1007
       983
       985
      1019
       962
       976
      1021
       952
       980
       985
       999
       972
      1010
       984
       981
      1025
      1023
      1014
      1050
       960
      1033
       921
       977
      1034
      1012
       936
      1004
      1009
       978
       957
       920
       982
       948
      1002
      1000
       969
       927
       943
       961
       952
       911
       937
       934
       920
       990
       923
       948
       938
       931
       933
       923
       909
       923
       938
       934
       908
       941
       936
       946
       853
       916
       925
       958
       948
       907
       950
       931
       941
       947
       976
       983
      1026
      1003
      1049
      1046
      1072
      1116
      1084
      1173
      1232
      1206
      1200
      1246
      1284
      1299
      1388
      1426
      1465
      1505
      1648
      1594
      1707
      1809
      1875
      1952
      2070
      2170
      2134
      2316
      2430
      2539
      2633
      2711
      2831
      2847
      3084
      3238
      3240
      3442
      3549
      3613
      3804
      3962
      4115
      4118
      4279
      4349
      4487
      4653
      4822
      4887
      5085
      5307
      5314
      5397
      5450
      5660
      5731
      5779
      5846
      6107
      5978
      6073
      6109
      6240
      6246
      6165
      6187
      6378
      6232
      6381
      6392
      6338
      6242
      6134
      6089
      6113
      5940
      6032
      5993
      5800
      5814
      5625
      5549
      5391
      5344
      5203
      5276
      4948
      4977
      4589
      4634
      4385
      4302
      4097
      3982
      3911
      3846
      3550
      3344
      3182
      3214
      3124
      2941
      2839
      2649
      2454
      2335
      2260
      2133
      2033
      1926
      1823
      1608
      1599
      1547
      1477
      1390
      1215
      1163
      1160
      1076
      1007
       930
       886
       781
       737
       704
       645
       652
       572
       513
       478
       449
       467
       413
       404
       352
       347
       330
       312
       306
       288
       250
       245
       244
       316
       264
       280
       268
       277
       281
       278
       301
       281
       309
       329
       321
       339
       349
       380
       440
       422
       405
       506
       474
       565
       552
       603
       657
       668
       745
       755
       863
       840
       932
       966
      1040
      1073
      1248
      1294
      1330
      1372
      1457
      1589
      1705
      1667
      1826
      1856
      1990
      2068
      2219
      2201
      2381
      2508
      2608
      2578
      2753
      2884
      2939
      3090
      3215
      3270
      3380
      3510
      3525
      3768
      3762
      3849
      4005
      4204
      4042
      4305
      4281
      4539
      4428
      4522
      4684
      4642
      4730
      4709
      4922
      4834
      4948
      4969
      5041
      5085
      5172
      4959
      4944
      4968
      5051
      4858
      4968
      4944
      5031
      4854
      4852
      4870
      4760
      4563
      4668
      4604
      4443
      4548
      4289
      4198
      4195
      3992
      4002
      3905
      3851
      3736
      3466
      3441
      3438
      3245
      3217
      3056
      2955
      2755
      2780
      2584
      2567
      2332
      2253
      2160
      2096
      1992
      1931
      1851
      1686
      1682
      1550
      1479
      1383
      1365
      1280
      1179
      1151
      1098
       944
       903
       847
       837
       766
       689
       642
       651
       554
       520
       494
       460
       430
       357
       360
       337
       309
       305
       265
       230
       223
       207
       183
       167
       149
       150
       135
       133
       110
       107
       107
        87
        59
        76
        72
        51
        49
        50
        48
        56
        25
        35
        27
        18
        29
        30
        28
        15
        13
        16
         8
        14
        14
        15
         8
         5
        10
         5
         9
         5
         4
        10
         5
         2
         5
         1
         3
         6
         5
         3
         5
         6
         8
         5
         3
         3
         5
         6
         5
         3
         5
         3
         0
         6
         7
         7
         4
         3
         7
         2
         7
         5
         3
         3
         5
        10
         3
         7
         4
         4
         1
         7
         1
         3
         2
         2
         3
         2
         6
         3
         2
         5
         5
         5
         2
         5
         2
         1
         3
         3
         2
         2
         5
         3
         1
         3
         5
         0
         0
         4
         6
         6
         5
         5
         4
         4
         5
         4
         3
         3
         2
         4
         5
         6
         4
         3
         6
         2
         2
         1
         3
         3
         2
         2
         2
         3
         2
         6
         7
         6
         3
         8
         2
         5
         5
         6
         2
         5
         2
         3
         2
         4
         5
         1
         7
         5
         2
         2
         5
         4
         3
         2
         7
         3
         4
         6
         3
         3
         2
         5
         1
         4
         5
         5
         2
         3
         4
         3
         4
         4
         2
         6
         4
         3
         3
         7
         5
         3
         2
         4
         3
         6
         4
         5
         3
         3
         1
         1
         1
         8
         1
         6
         8
         2
         2
         2
         2
         5
         1
         5
         8
         3
         3
         1
         2
         0
         5
         8
         5
         9
         5
         4
         5
         3
         2
         6
         2
         2
         5
         3
         4
         2
         9
         6
         6
         2
         1
         6
         2
         3
         3
         2
         5
         4
         6
         3
         4
         4
         6
         1
         5
         7
         3
         3
         3
         5
         2
         1
         3
         2
         6
         5
         1
         5
         0
         3
         7
         6
         3
         1
         4
         7
         8
         1
         3
         4
         1
         2
         2
         4
         5
         5
         3
         2
         3
         2
         4
         3
         3
         4
         3
         3
         5
         3
         5
         2
         5
         3
         7
         2
         4
         5
         3
         2
         6
         1
         3
         1
         1
         7
         2
         3
         7
         3
         1
         1
         1
         6
         1
         4
         5
         5
         2
         3
         2
         3
         2
         0
         3
         3
         1
         5
         3
         0
         4
         3
         2
         3
         1
         5
         2
         4
         3
         4
         1
         4
         4
         7
         4
         1
         5
         5
         4
         4
         6
         8
         5
         5
         2
         2
         2
         3
         3
         5
         4
         1
         4
         3
         2
         2
         1
         1
         2
         4
         2
         1
         4
         4
         5
         5
         2
         3
         3
         5
         2
         2
         5
         7
         1
         1
         6
         4
         5
         4
         6
         3
         3
         4
         3
         2
         4
         4
         5
         4
         4
         4
         2
         8
         6
         4
         8
         8
         4
         2
         3
         0
         7
         3
         3
         3
         2
         4
         8
         1
         4
         6
         3
         4
         4
         1
         3
         5
         1
         4
         2
         6
         6
         6
         3
         3
         5
         7
         4
         1
         6
         6
         4
         3
         3
         0
         4
         3
         4
         4
         8
         5
         2
         4
         5
         4
         5
         3
         4
         5
         6
         2
         5
         1
         3
         4
         4
         3
         6
         2
         4
         4
         2
         7
         4
         5
         6
         5
         1
         2
         4
         1
         3
         4
         9
         5
         1
         1
         2
         3
         5
         4
         1
         3
         3
         8
         3
         5
         0
         8
         4
        11
         1
         6
         4
         2
         6
         4
         1
         1
         5
         4
         1
         5
         2
         8
         2
         1
         6
         4
         7
         1
         8
         0
         4
         4
         4
         3
        10
         2
         6
         4
         2
         9
         4
         2
         3
         7
         4
         3
         7
         7
         4
         6
         4
         4
         5
         7
         6
         2
         5
         3
         5
         5
         8
         7
         5
         4
         5
         4
         5
         4
         4
         3
         2
         3
         3
         2
         4
         2
         2
         8
         3
         2
         6
         6
         6
         2
         7
         6
         2
         3
         7
         3
         6
         3
         1
         2
         1
         5
         0
         3
         5
         3
         4
         1
         4
         3
         4
         2
         6
         2
         2
         3
         4
         5
         4
         1
         3
         3
         8
         5
         4
         4
         4
         3
         4
         2
         1
         5
         3
         1
         3
         1
         3
         3
         4
         3
         3
         4
         3
         7
         4
         5
         3
         7
         7
         2
         4
         0
         4
         3
         5
         4
         3
         2
         4
         6
         3
         6
         3
         4
         2
         4
         3
         3
         6
         5
         3
         3
         1
         1
         4
         0
         5
         2
         4
         5
         4
         2
         2
         2
         6
         2
         5
         3
        10
         3
         2
         4
         2
         3
         5
         3
         5
         3
         5
         5
         2
         4
         4
         5
         7
         1
         2
         1
         6
         6
         0
         2
         2
         4
         4
         2
         6
         3
         5
         5
         3
         3
         2
         3
         5
         4
         0
         6
         3
         0
         2
         4
         5
         4
         3
         2
         4
         3
         5
         1
         3
         4
         7
         2
         2
         7
         2
         3
         2
         1
         1
         1
         2
         6
         1
         2
         2
         5
         6
         1
         2
         5
         5
         1
         4
         3
         3
         6
         5
         1
         5
         5
         2
         3
         4
         8
         4
         7
         4
         3
         3
         1
         3
         0
         5
         0
         4
         1
         7
         3
         7
         2
         2
         6
         4
         2
         3
         3
         5
         8
         3
         8
         2
         5
         3
         4
         3
         3
         3
         4
         2
         4
         4
         1
         5
         4
         4
         2
         8
         5
         4
         5
         6
         2
         3
         4
         4
         2
         5
         6
         2
         5
         6
         5
         5
         5
         4
         2
         2
         3
         5
         2
        12
         3
         8
         2
         7
         7
         3
         1
         3
         2
         2
         3
         3
         6
         3
         1
         6
         4
         3
         4
         4
         5
         6
         8
         2
         4
         3
         4
         1
         6
         2
         4
         4
         6
         3
         0
         4
         7
         4
         6
         2
         3
         2
         2
         0
         3
         1
         2
         2
         3
         0
         2
         4
         2
         2
         4
         2
         3
         1
         3
         2
         2
         3
         1
         2
         0
         0
         2
         0
         0
         1
         1
         2
         3
         2
         3
         0
         0
         1
         0
         2
         2
         0
         4
         0
         3
         0
         1
         1
         3
         4
         1
         2
         0
         1
         0
         2
         1
         0
         1
         0
         1
         2
         1
         0
         1
         0
         0
         0
         2
         1
         1
         1
         4
         0
         0
         1
         0
         0
         0
         0
         0
         1
         0
         2
         2
         0
         0
         2
         1
         2
         0
         0
         0
         0
         1
         0
         2
         1
         0
         2
         1
         0
         1
         0
         1
         0
         1
         0
         1
         0
         1
         1
         1
         0
         1
         0
         1
         0
         1
         0
         1
         0
         0
         0
         2
         0
         1
         0
         3
         0
         2
         0
         6
         1
         1
         2
         2
         2
         2
         2
         1
         0
         4
         1
         2
         0
         1
         1
         1
         2
         2
         5
         1
         3
         0
         1
         3
         1
         3
         4
         2
         1
         2
         2
         0
         4
         3
         3
         6
         5
         3
         4
         2
         3
         0
         5
         2
         3
         5
         9
         3
         5
         3
         9
         3
         3
         4
         3
         5
         2
         7
         6
         4
         2
         4
         8
         3
         3
         7
         3
         4
         5
         8
         5
         6
         9
         7
         5
         7
         5
        11
         8
        12
         2
         6
         6
        10
         7
         2
         7
         7
         5
        11
        12
         5
         7
         7
         5
         7
         4
         2
         4
         4
         7
         6
        10
         4
         9
         5
         8
         6
         4
         7
         7
         9
         7
         3
         5
         9
         5
         4
         7
         8
         3
         6
         3
         4
         7
         6
         4
         5
         1
         5
         5
         9
         6
         4
         4
         7
         2
         8
        10
         6
         2
         4
         8
         2
         5
         4
         1
         3
         6
         2
         3
         2
         1
         4
         3
         0
         1
         4
         2
         1
         0
         0
         2
         0
         0
         3
         3
         1
         0
         3
         0
         2
         0
         0
         3
         1
         1
         1
         1
         3
         0
         0
         1
         1
         0
         1
         0
         1
         0
         0
         1
         0
         0
         0
         0
         2
         0
         0
         0
         0
         1
         0
         1
         0
         0
         1
         1
         0
         0
         0
         0
         0
         0
         0
         0
         0
         0
         1
         0
         1
         0
         0
         0
         0
         0
         0
         0
         0
         0
         0
         0
         0
         0
         0
         0
         0
         0
         0
         0
         0
         0
         0
         0
         0
         0
         0
         0
         0
         0
         0
         0
         0
         0
         0
         0
         0
         0
         0
         0
         0
         0
         0
         0
         0
         0
         0
         0
         0
         0
         0
         0
         0
         0
         0
         0
         0
         0
         0
         0
         0
         0
         0
         0
         0
         0
         0
         0
         0
         0
         0
         0
         0
         0
         0
         0
         0
         0
         0
         0
         0
         0
         0
         0
         0
         0
         0
         0
         0
         0
         0
         0
         0
         0
         0
         0
         0
         0
         0
         0
         0
         0
         0
         0
         0
         0
         0
         0
         0
         0
         0
         0
         0
         0
         0
         0
         0
         0
         0
         0
         0
         0
         0
         0
         0
         0
         0
         0
         0
         0
         0
         0
         0
         0
         0
         0
         0
         0
         0
         0
         0
         0
         0
         0
         0
         0
         0
         0
         0
         0
         0
         0
         0
         0
         0
         0
         0
         0
         0
         0
         0
         0
         0
         0
         0
         0
         0
         0
         0
         0
         0
         0
         0
         0
         0
         0
         0
         0
         0
         0
         0
         0
         0
         0
         0
         0
         0
         0
         0
         0
         0
         0
         0
         0
         0
         0
         0
         0
         0
         0
         0
         0
         0
         0
         0
         0
         0
         0
         0
         0
         0
         0
         0
         0
         0
         0
         0
         0
         0
         0
         0
         0
         0
         0
         0
         0
         0
         0
         0
         0
         0
         0
         0
         0
         0
         0
         0
         0
         0
         0
         0
         0
         0
         0
         0
         0
         0
         0
         0
         0
         0
         0
         0
         0
         0
         0
         0
         0
         0
         0
         0
         0
         0
         0
         0
         0
         0
         0
         0
         0
         0
         0
         0
         0
         0
         0
         0
         0
         0
         0
         0
         0
         0
         0
         0
         0
         0
         0
         0
         0
         0
         0
         0
         0
         0
         0
         0
         0
         0
         0
         0
         0
         0
         0
         0
         0
         0
         0
         0
         0
         0
         0
         0
         0
         0
         0
         0
         0
         0
         0
         0
         0
         0
         0
         0
         0
         0
         0
         0
         0
         0
         0
         0
         0
         0
         0
         0
         0
         0
         0
         0
         0
         0
         0
         0
         0
         0
         0
         0
         0
         0
         0
         0
         0
         0
         0
         0
         0
         0
         0
         0
         0
         0
         0
         0
         0
         0
         0
