         0
         0
         0
         0
         0
         0
         0
         0
         0
         0
      1092
      1048
      1118
      1124
      1128
      1165
      1101
      1161
      1086
      1102
      1054
      1167
      1087
      1130
      1122
      1193
      1160
      1147
      1195
      1243
      1163
      1153
      1192
      1180
      1171
      1084
      1182
      1183
      1207
      1168
      1135
      1192
      1207
      1173
      1191
      1216
      1041
      1136
      1104
      1095
      1132
      1063
      1173
      1110
      1152
      1169
      1146
      1194
      1160
      1175
      1158
      1197
      1187
      1198
      1229
      1206
      1202
      1239
      1225
      1202
      1194
      1226
      1176
      1196
      1166
      1181
      1177
      1261
      1196
      1179
      1213
      1180
      1167
      1186
      1146
      1190
      1220
      1230
      1282
      1244
      1277
      1239
      1192
      1111
      1273
      1248
      1205
      1176
      1237
      1251
      1318
      1254
      1294
      1274
      1278
      1253
      1276
      1264
      1216
      1189
      1242
      1271
      1223
      1348
      1246
      1259
      1270
      1215
      1319
      1247
      1310
      1268
      1330
      1274
      1327
      1380
      1301
      1281
      1375
      1304
      1359
      1305
      1296
      1363
      1335
      1308
      1298
      1364
      1350
      1361
      1376
      1377
      1335
      1307
      1336
      1278
      1270
      1308
      1233
      1263
      1357
      1303
      1305
      1348
      1297
      1288
      1337
      1297
      1288
      1156
      1325
      1301
      1263
      1259
      1274
      1269
      1323
      1364
      1315
      1271
      1297
      1319
      1353
      1225
      1246
      1327
      1379
      1333
      1307
      1333
      1343
      1291
      1221
      1304
      1290
      1289
      1288
      1247
      1331
      1395
      1348
      1344
      1431
      1406
      1403
      1357
      1427
      1369
      1371
      1400
      1515
      1471
      1537
      1595
      1512
      1590
      1518
      1619
      1659
      1578
      1706
      1669
      1677
      1725
      1743
      1689
      1750
      1737
      1741
      1769
      1834
      1901
      1826
      1831
      1881
      1886
      1862
      1872
      1839
      1907
      1895
      1760
      1787
      1897
      1755
      1814
      1830
      1853
      1805
      1863
      1791
      1831
      1784
      1837
      1791
      1722
      1816
      1758
      1786
      1771
      1731
      1808
      1720
      1766
      1702
      1763
      1707
      1783
      1696
      1680
      1685
      1703
      1681
      1783
      1687
      1664
      1741
      1651
      1731
      1759
      1675
      1725
      1743
      1732
      1673
      1655
      1697
      1671
      1645
      1664
      1636
      1682
      1683
      1641
      1648
      1652
      1565
      1575
      1514
      1680
      1607
      1712
      1696
      1592
      1569
      1621
      1635
      1659
      1602
      1596
      1583
      1552
      1593
      1585
      1655
      1630
      1617
      1564
      1535
      1563
      1522
      1541
      1580
      1519
      1521
      1571
      1551
      1495
      1516
      1499
      1472
      1474
      1542
      1512
      1409
      1516
      1509
      1458
      1436
      1427
      1453
      1442
      1480
      1482
      1413
      1379
      1418
      1444
      1419
      1381
      1361
      1408
      1437
      1404
      1453
      1423
      1425
      1404
      1400
      1415
      1377
      1388
      1377
      1392
      1391
      1448
      1409
      1346
      1384
      1419
      1367
      1406
      1380
      1437
      1403
      1369
      1316
      1437
      1370
      1385
      1404
      1471
      1349
      1428
      1400
      1426
      1417
      1439
      1365
      1448
      1469
      1433
      1372
      1438
      1390
      1461
      1394
      1389
      1485
      1362
      1395
      1418
      1399
      1392
      1393
      1368
      1422
      1390
      1437
      1410
      1399
      1374
      1352
      1407
      1421
      1370
      1412
      1328
      1453
      1324
      1385
      1343
      1371
      1338
      1277
      1334
      1338
      1356
      1301
      1377
      1303
      1289
      1345
      1287
      1414
      1376
      1349
      1333
      1330
      1341
      1295
      1292
      1285
      1259
      1313
      1308
      1333
      1320
      1289
      1222
      1282
      1271
      1282
      1260
      1278
      1387
      1302
      1293
      1280
      1272
      1354
      1321
      1254
      1250
      1306
      1292
      1324
      1278
      1354
      1327
      1334
      1327
      1256
      1314
      1291
      1235
      1325
      1229
      1321
      1325
      1318
      1321
      1323
      1323
      1291
      1287
      1287
      1280
      1354
      1315
      1269
      1305
      1317
      1274
      1281
      1234
      1299
      1235
      1240
      1235
      1256
      1266
      1261
      1286
      1234
      1307
      1269
      1360
      1318
      1275
      1230
      1241
      1336
      1174
      1261
      1258
      1215
      1277
      1263
      1306
      1247
      1221
      1283
      1257
      1233
      1304
      1243
      1261
      1211
      1273
      1260
      1286
      1311
      1304
      1247
      1260
      1256
      1264
      1300
      1228
      1301
      1265
      1236
      1249
      1231
      1327
      1244
      1205
      1259
      1246
      1259
      1211
      1284
      1332
      1257
      1236
      1290
      1271
      1253
      1250
      1317
      1222
      1205
      1198
      1304
      1320
      1309
      1281
      1281
      1220
      1240
      1263
      1258
      1261
      1241
      1289
      1280
      1262
      1349
      1258
      1305
      1307
      1203
      1277
      1271
      1244
      1245
      1226
      1240
      1282
      1219
      1258
      1229
      1231
      1290
      1174
      1230
      1200
      1235
      1243
      1172
      1227
      1330
      1247
      1214
      1296
      1224
      1200
      1180
      1271
      1269
      1245
      1203
      1185
      1239
      1290
      1264
      1213
      1220
      1233
      1211
      1236
      1281
      1235
      1235
      1261
      1249
      1254
      1226
      1250
      1272
      1236
      1175
      1318
      1211
      1238
      1183
      1224
      1219
      1241
      1233
      1310
      1255
      1286
      1286
      1259
      1268
      1239
      1250
      1263
      1257
      1273
      1226
      1303
      1240
      1253
      1239
      1226
      1287
      1250
      1260
      1282
      1306
      1301
      1257
      1276
      1247
      1200
      1323
      1288
      1207
      1322
      1282
      1285
      1342
      1253
      1309
      1304
      1287
      1223
      1309
      1280
      1204
      1325
      1291
      1246
      1335
      1289
      1344
      1309
      1269
      1281
      1291
      1269
      1290
      1290
      1233
      1278
      1355
      1330
      1304
      1274
      1309
      1308
      1230
      1343
      1356
      1328
      1354
      1313
      1280
      1325
      1325
      1262
      1296
      1326
      1308
      1283
      1348
      1303
      1314
      1277
      1346
      1348
      1382
      1310
      1281
      1288
      1281
      1306
      1309
      1381
      1325
      1322
      1313
      1294
      1258
      1369
      1290
      1286
      1284
      1296
      1325
      1328
      1363
      1255
      1376
      1387
      1330
      1415
      1304
      1374
      1350
      1369
      1332
      1325
      1385
      1334
      1288
      1359
      1408
      1324
      1353
      1347
      1361
      1313
      1394
      1318
      1298
      1328
      1373
      1343
      1379
      1319
      1324
      1431
      1372
      1373
      1333
      1318
      1384
      1441
      1392
      1359
      1375
      1362
      1395
      1358
      1411
      1361
      1345
      1364
      1338
      1407
      1395
      1402
      1402
      1471
      1419
      1369
      1484
      1444
      1370
      1462
      1408
      1425
      1490
      1422
      1428
      1472
      1470
      1430
      1456
      1396
      1434
      1391
      1455
      1429
      1370
      1404
      1399
      1490
      1428
      1462
      1434
      1436
      1413
      1470
      1452
      1450
      1457
      1448
      1441
      1384
      1468
      1403
      1454
      1525
      1481
      1494
      1485
      1420
      1511
      1482
      1398
      1474
      1495
      1508
      1391
      1502
      1420
      1428
      1414
      1462
      1471
      1457
      1405
      1511
      1477
      1491
      1454
      1504
      1434
      1505
      1435
      1520
      1446
      1416
      1486
      1427
      1475
      1432
      1446
      1444
      1524
      1477
      1483
      1482
      1473
      1497
      1462
      1504
      1477
      1550
      1382
      1489
      1531
      1579
      1490
      1478
      1502
      1490
      1574
      1494
      1513
      1525
      1535
      1532
      1538
      1585
      1542
      1503
      1502
      1522
      1477
      1519
      1474
      1540
      1539
      1539
      1597
      1556
      1530
      1602
      1556
      1533
      1582
      1645
      1505
      1526
      1579
      1572
      1545
      1603
      1563
      1510
      1596
      1645
      1590
      1594
      1633
      1598
      1524
      1592
      1521
      1534
      1513
      1510
      1594
      1514
      1601
      1529
      1501
      1598
      1543
      1595
      1596
      1588
      1559
      1542
      1501
      1558
      1571
      1427
      1569
      1519
      1493
      1524
      1399
      1470
      1427
      1401
      1389
      1385
      1418
      1414
      1441
      1414
      1369
      1450
      1421
      1377
      1302
      1355
      1318
      1406
      1248
      1282
      1318
      1286
      1283
      1297
      1251
      1235
      1233
      1237
      1258
      1251
      1186
      1233
      1203
      1188
      1138
      1160
      1225
      1115
      1127
      1157
      1208
      1106
      1129
      1116
      1122
      1085
      1044
      1147
      1036
      1100
      1064
      1055
      1124
      1005
      1032
      1030
      1018
      1056
      1029
       972
      1059
      1026
      1014
      1037
      1013
       951
      1076
      1032
       972
       981
       981
      1045
      1042
       955
      1010
       960
       936
      1053
       993
       972
       999
       947
       963
      1028
      1001
       983
      1028
       985
      1004
      1004
       971
      1042
      1010
       960
       962
       996
      1036
       981
       975
      1044
       993
       965
      1003
       956
      1034
      1000
      1011
       962
       973
       948
       935
      1020
       913
      1006
       962
       992
       976
       936
       956
       976
       953
       949
       910
       934
       907
       940
       906
       964
       936
       890
       966
       898
       888
       982
       917
       922
       965
       922
       883
      1014
       958
       890
       930
       909
       900
       943
       911
       951
       946
       923
       901
       945
       970
       896
       932
       957
       969
       944
       974
      1041
      1085
      1077
      1095
      1097
      1118
      1245
      1176
      1262
      1302
      1315
      1323
      1371
      1487
      1503
      1593
      1679
      1642
      1686
      1820
      1900
      2005
      2053
      2062
      2278
      2264
      2321
      2471
      2547
      2725
      2716
      2838
      2954
      3157
      3279
      3413
      3465
      3640
      3749
      3854
      3942
      4072
      4281
      4303
      4479
      4638
      4638
      4859
      4970
      5035
      5094
      5193
      5290
      5428
      5400
      5443
      5660
      5686
      5762
      5820
      5839
      5812
      5999
      5998
      5954
      5982
      5971
      5943
      5837
      5862
      5745
      5973
      5718
      5709
      5722
      5719
      5387
      5496
      5199
      5313
      5120
      5010
      4913
      4898
      4784
      4520
      4382
      4431
      4261
      3986
      4001
      3720
      3712
      3605
      3454
      3262
      3011
      3006
      3025
      2746
      2559
      2475
      2377
      2354
      2212
      2036
      1951
      1829
      1722
      1587
      1560
      1426
      1383
      1394
      1199
      1175
      1058
       973
       946
       833
       850
       823
       735
       652
       656
       593
       512
       488
       491
       462
       434
       438
       391
       341
       359
       339
       306
       286
       313
       276
       283
       249
       279
       258
       266
       290
       286
       252
       244
       276
       302
       299
       340
       329
       342
       377
       428
       378
       419
       439
       474
       463
       548
       554
       595
       639
       670
       684
       787
       833
       881
       931
       994
      1011
      1057
      1218
      1183
      1283
      1292
      1467
      1513
      1646
      1567
      1800
      1762
      1967
      1939
      2006
      2165
      2211
      2408
      2434
      2443
      2712
      2685
      2924
      2895
      3029
      3197
      3156
      3302
      3470
      3527
      3613
      3756
      3889
      3817
      4105
      4063
      4120
      4243
      4306
      4405
      4372
      4437
      4573
      4619
      4602
      4694
      4694
      4692
      4815
      4710
      4884
      4796
      4819
      4777
      4772
      4798
      4800
      4745
      4661
      4657
      4572
      4624
      4440
      4495
      4356
      4358
      4187
      4258
      4093
      3999
      4054
      3947
      3771
      3749
      3539
      3538
      3393
      3293
      3226
      3002
      2968
      2897
      2781
      2620
      2618
      2392
      2298
      2323
      2196
      2246
      2085
      1895
      1794
      1707
      1669
      1627
      1565
      1451
      1319
      1237
      1203
      1128
      1028
       950
       955
       909
       845
       772
       776
       626
       643
       591
       515
       507
       437
       390
       395
       377
       373
       297
       327
       282
       243
       220
       242
       204
       167
       166
       129
       155
       116
       113
       105
       102
        87
        85
        68
        77
        60
        68
        43
        51
        34
        34
        30
        30
        39
        24
        22
        18
        16
        11
        10
        14
        20
        12
        10
         9
        10
         9
        12
        10
        11
         9
         8
         6
         7
         7
         4
         7
         2
         4
         2
         8
         2
         1
         3
         2
         5
         4
         7
         5
         4
         4
         4
         4
         6
         3
         3
         5
         5
         3
         9
         2
         6
         1
         2
         6
         2
         5
         2
         2
         4
         3
         6
         8
         6
         4
        11
         5
         0
         7
         3
         5
         6
         2
         4
         5
         3
         3
         5
         1
         5
         0
         7
         0
         3
         1
         4
         6
         3
         2
         2
         2
         3
         3
         0
         4
         1
         0
         2
         3
         2
         1
         4
         4
         2
         6
         3
         1
         4
         2
         5
         0
         3
         3
         5
         1
         2
         2
         3
         4
         9
         2
         2
         1
         4
         2
         4
         2
         4
         3
         2
         4
         3
         7
         3
         4
         2
         1
         2
         4
         3
         3
         2
         5
         5
         5
         2
         3
         4
         4
         3
         2
         1
         5
         1
         1
         8
         4
         3
         2
         8
         0
         3
         2
         2
         4
         6
         3
         5
         1
         3
         2
         5
         2
         4
         1
         3
         2
         7
         3
         3
         1
         5
         3
         1
         4
         3
         4
         2
         0
         9
         3
         7
         6
         2
         2
         4
         4
         4
         2
         5
         5
         5
         1
         2
         1
         5
         4
         6
         2
         5
         4
         9
         2
         3
         6
         5
         2
         4
         1
         2
         3
         5
         4
         2
         2
         4
         6
         3
         2
         3
         4
         3
         5
         3
         6
         2
         3
        10
         5
         7
         4
         1
         0
         4
         5
         2
         3
         1
         5
         3
         5
         3
         2
         7
         1
         5
         6
         4
         3
         5
         5
         6
         2
         5
         4
         5
         5
         0
         1
         9
         4
         3
         4
         3
         2
         3
         1
         3
         3
         5
         4
         1
         1
         1
         2
         6
         2
         2
         4
         0
         1
         4
         1
         4
         3
         4
         2
         4
         6
         4
         3
         3
         6
         2
         3
         4
         5
         5
         6
         2
         0
         2
         2
         5
         3
         3
         5
         3
         5
         2
         4
         4
         1
         5
         3
         2
         4
         3
         7
         5
         1
         6
         1
         5
         3
         2
         3
         5
         1
         5
         3
         4
         3
         4
         3
         3
         3
         3
         3
         3
         6
         2
         2
         3
         5
         2
         3
         2
         0
         3
         3
         3
         4
         2
         0
         3
         3
         2
         4
         7
         6
         6
         6
         4
         2
         3
         6
         3
         3
         3
         3
         3
         1
         4
         3
         2
         3
         0
         5
         2
         4
         3
         3
         4
         3
         8
         4
         1
         8
         3
         2
         3
         4
         8
         5
         5
         3
         2
         2
         2
         2
         1
         5
         3
         6
         5
         1
         2
         2
         2
         3
         0
         3
         5
         3
         5
         3
         7
         2
         2
         2
         0
         5
         4
         2
         2
         5
         4
         7
         1
         1
         5
         3
         3
         1
         1
         5
         2
         5
         4
         6
         3
         4
         5
         7
         2
         5
         6
         1
         3
         5
         3
         4
         5
         2
         1
         4
         1
         5
         3
         3
         4
         4
         3
         5
         4
         2
         7
         3
         0
         2
         3
         2
         2
         4
         4
         6
         6
         6
         5
         7
         4
         3
         5
         0
         8
         3
         3
         2
         3
         2
         2
         4
         0
         4
         6
         1
         1
         0
         4
         4
         4
         3
         2
         6
         0
         2
         1
         4
         2
         4
         2
         2
         4
         0
         2
         3
         3
         2
         2
         4
         4
         4
         0
         2
         5
         0
         3
         2
         0
         4
         1
         1
         5
         5
         4
         1
         4
         3
         2
         4
         3
         2
         3
         3
         1
         2
         2
         2
         2
         1
         5
         1
         6
         2
         2
         6
         2
         3
         0
         4
         1
         3
         2
         2
         4
         0
         6
         4
         2
         3
         3
         2
         1
         3
         4
         2
         5
         5
         1
         2
         1
         2
         7
         4
         1
         2
         1
         4
         3
         2
         1
         2
         0
         1
         1
         0
         2
         1
         3
         3
         3
         3
         3
         3
         6
         5
         3
         2
         3
         5
         4
         2
         5
         2
         0
         2
         1
         2
         3
         4
         4
         3
         2
         3
         1
         1
         2
         2
         2
         4
         2
         2
         1
         4
         4
         2
         3
         2
         3
         4
         3
         7
         2
         4
         5
         6
         3
         6
         1
         3
         2
         2
         5
         4
         2
         4
         5
         2
         2
         3
         1
         4
         4
         2
         3
         2
         2
         3
         4
         2
         0
         0
         4
         8
         6
         4
         3
         0
         4
         2
         5
         2
         5
         0
         1
         2
         3
         1
         2
         0
         1
         8
         3
         5
         3
         0
         3
         2
         0
         4
         6
         2
         1
         1
         1
         2
         1
         3
         0
         3
         1
         1
         8
         1
         1
         1
         3
         2
         1
         1
         3
         1
         3
         2
         3
         2
         3
         3
         3
         1
         2
         3
         0
         0
         3
         3
         1
         0
         3
         3
         1
         1
         3
         0
         4
         0
         3
         4
         2
         4
         0
         3
         1
         2
         4
         4
         2
         2
         1
         5
         2
         4
         1
         4
         3
         2
         3
         2
         2
         2
         4
         4
         1
         2
         0
         3
         5
         3
         2
         1
         2
         3
         2
         1
         2
         5
         5
         2
         4
         4
         0
         1
         2
         1
         1
         2
         5
         3
         4
         4
         5
         1
         5
         3
         4
         2
         1
         1
         3
         3
         4
         3
         3
         4
         3
         0
         1
         4
         2
         1
         2
         2
         3
         2
         3
         1
         0
         2
         2
         1
         0
         2
         3
         3
         2
         1
         3
         2
         3
         3
         1
         2
         5
         4
         3
         2
         0
         3
         4
         3
         4
         5
         1
         2
         3
         4
         3
         0
         2
         4
         1
         2
         3
         2
         1
         0
         2
         1
         2
         1
         2
         0
         0
         1
         1
         1
         3
         2
         0
         3
         2
         2
         1
         1
         0
         1
         0
         0
         0
         0
         2
         1
         0
         2
         2
         3
         0
         3
         0
         1
         0
         1
         2
         1
         3
         1
         1
         2
         2
         0
         2
         0
         2
         0
         3
         0
         1
         1
         1
         0
         0
         1
         2
         0
         2
         0
         0
         2
         1
         0
         2
         1
         0
         0
         0
         2
         3
         1
         2
         1
         0
         1
         1
         1
         1
         1
         0
         0
         1
         0
         1
         1
         1
         4
         1
         0
         0
         1
         3
         1
         0
         1
         0
         4
         0
         0
         2
         0
         0
         3
         0
         1
         1
         1
         2
         2
         0
         1
         4
         0
         2
         0
         1
         1
         1
         1
         2
         2
         1
         1
         1
         2
         2
         1
         3
         4
         2
         1
         0
         5
         3
         2
         2
         2
         0
         3
         2
         2
         5
         2
         3
         7
         4
         0
         3
         3
         4
         1
         2
         3
         2
         2
         1
         2
         6
         3
         1
         3
         2
         3
         1
         5
         4
         5
         6
         3
         1
         6
         3
         6
         3
         8
         9
         3
         6
         5
         4
         5
         5
         4
         8
         4
         4
         2
        10
         7
         6
         4
         2
         7
         5
         3
         7
         9
         5
         3
         7
         6
         7
        10
         6
         5
         4
         6
         5
         7
         1
         2
         2
         7
         3
         3
         2
         6
         4
         5
         2
         4
        12
         5
         7
         7
         5
         5
         5
         4
         6
         4
         5
         4
         6
         4
         3
         3
         5
         0
         4
         4
         3
         4
         4
         1
         4
         1
         4
         3
         7
         1
         7
         6
         1
         3
         3
         1
         0
         1
         2
         2
         5
         5
         3
         1
         3
         3
         6
         1
         2
         0
         3
         2
         0
         1
         0
         1
         2
         1
         1
         1
         2
         2
         2
         0
         1
         1
         0
         0
         2
         0
         3
         0
         0
         0
         0
         0
         0
         0
         0
         0
         0
         2
         0
         0
         0
         1
         0
         0
         0
         0
         0
         1
         0
         0
         0
         0
         2
         0
         0
         0
         0
         0
         1
         0
         0
         0
         0
         0
         0
         0
         0
         0
         0
         0
         0
         0
         0
         1
         0
         0
         0
         0
         0
         0
         0
         0
         0
         0
         2
         0
         0
         0
         0
         0
         0
         0
         0
         1
         0
         0
         0
         0
         0
         0
         0
         0
         0
         0
         0
         0
         0
         0
         0
         0
         0
         0
         0
         0
         0
         0
         0
         0
         0
         0
         0
         0
         0
         0
         0
         0
         0
         0
         0
         0
         0
         0
         0
         0
         0
         0
         0
         0
         0
         0
         0
         0
         0
         0
         0
         0
         0
         0
         0
         0
         0
         0
         0
         0
         0
         0
         0
         0
         0
         0
         0
         0
         0
         0
         0
         0
         0
         0
         0
         0
         0
         0
         0
         0
         0
         0
         0
         0
         0
         0
         0
         0
         0
         0
         0
         0
         0
         0
         0
         0
         0
         0
         0
         0
         0
         0
         0
         0
         0
         0
         0
         0
         0
         0
         0
         0
         0
         0
         0
         0
         0
         0
         0
         0
         0
         0
         0
         0
         0
         0
         0
         0
         0
         0
         0
         0
         0
         0
         0
         0
         0
         0
         0
         0
         0
         0
         0
         0
         0
         0
         0
         0
         0
         0
         0
         0
         0
         0
         0
         0
         0
         0
         0
         0
         0
         0
         0
         0
         0
         0
         0
         0
         0
         0
         0
         0
         0
         0
         0
         0
         0
         0
         0
         0
         0
         0
         0
         0
         0
         0
         0
         0
         0
         0
         0
         0
         0
         0
         0
         0
         0
         0
         0
         0
         0
         0
         0
         0
         0
         0
         0
         0
         0
         0
         0
         0
         0
         0
         0
         0
         0
         0
         0
         0
         0
         0
         0
         0
         0
         0
         0
         0
         0
         0
         0
         0
         0
         0
         0
         0
         0
         0
         0
         0
         0
         0
         0
         0
         0
         0
         0
         0
         0
         0
         0
         0
         0
         0
         0
         0
         0
         0
         0
         0
         0
         0
         0
         0
         0
         0
         0
         0
         0
         0
         0
         0
         0
         0
         0
         0
         0
         0
         0
         0
         0
         0
         0
         0
         0
         0
         0
         0
         0
         0
         0
         0
         0
         0
         0
         0
         0
         0
         0
         0
         0
         0
         0
         0
         0
         0
         0
         0
         0
         0
         0
         0
         0
         0
         0
         0
         0
         0
         0
         0
         0
         0
         0
         0
         0
         0
         0
         0
         0
         0
         0
         0
         0
         0
         0
         0
         0
         0
         0
