         0
         0
         0
         0
         0
         0
         0
         0
         0
         0
      1086
      1117
      1100
      1180
      1166
      1160
      1162
      1146
      1066
      1114
      1060
      1115
      1122
      1209
      1149
      1252
      1236
      1210
      1253
      1264
      1246
      1300
      1217
      1248
      1262
      1251
      1278
      1154
      1150
      1236
      1158
      1073
      1192
      1150
      1108
      1133
      1139
      1132
      1178
      1159
      1156
      1177
      1094
      1217
      1215
      1180
      1222
      1237
      1259
      1199
      1247
      1205
      1138
      1239
      1258
      1312
      1265
      1227
      1205
      1190
      1245
      1203
      1193
      1185
      1215
      1214
      1211
      1228
      1186
      1182
      1172
      1202
      1208
      1290
      1166
      1213
      1246
      1257
      1259
      1335
      1302
      1331
      1302
      1298
      1318
      1433
      1361
      1313
      1341
      1337
      1362
      1341
      1363
      1364
      1390
      1362
      1369
      1364
      1305
      1362
      1359
      1351
      1340
      1387
      1395
      1354
      1427
      1418
      1366
      1331
      1414
      1448
      1448
      1482
      1439
      1421
      1534
      1456
      1464
      1580
      1519
      1499
      1554
      1550
      1518
      1530
      1580
      1535
      1542
      1509
      1612
      1557
      1638
      1551
      1529
      1518
      1544
      1634
      1477
      1607
      1549
      1494
      1530
      1504
      1524
      1494
      1498
      1519
      1501
      1468
      1501
      1513
      1531
      1450
      1488
      1500
      1528
      1521
      1546
      1471
      1518
      1543
      1516
      1526
      1522
      1531
      1537
      1568
      1509
      1504
      1467
      1517
      1486
      1555
      1565
      1561
      1515
      1585
      1521
      1503
      1592
      1550
      1555
      1615
      1596
      1596
      1620
      1620
      1672
      1715
      1679
      1669
      1800
      1754
      1769
      1750
      1785
      1856
      1943
      1923
      2035
      1949
      2047
      1975
      2068
      2098
      2134
      2134
      2064
      2015
      2186
      2199
      2123
      2128
      2198
      2223
      2164
      2181
      2195
      2155
      2175
      2095
      2124
      2106
      2093
      2129
      2084
      2102
      2059
      2152
      2147
      2086
      2073
      2035
      2025
      2059
      2035
      2071
      2042
      1963
      1925
      1906
      1950
      1968
      1955
      1904
      1912
      1999
      1953
      1910
      1962
      1954
      1840
      1893
      1880
      1998
      1909
      1787
      1821
      1860
      1886
      1859
      1922
      1856
      1844
      1888
      1880
      1851
      1889
      1892
      1825
      1850
      1799
      1824
      1868
      1871
      1884
      1856
      1758
      1767
      1799
      1773
      1811
      1764
      1744
      1830
      1897
      1775
      1759
      1873
      1832
      1859
      1758
      1853
      1825
      1800
      1815
      1929
      1740
      1774
      1763
      1730
      1742
      1762
      1750
      1723
      1693
      1720
      1708
      1716
      1718
      1784
      1732
      1619
      1621
      1675
      1625
      1686
      1642
      1633
      1566
      1651
      1616
      1646
      1638
      1650
      1594
      1686
      1545
      1638
      1587
      1599
      1576
      1539
      1624
      1544
      1612
      1616
      1511
      1613
      1574
      1567
      1508
      1504
      1572
      1570
      1551
      1543
      1535
      1521
      1479
      1496
      1574
      1520
      1498
      1558
      1587
      1504
      1582
      1500
      1555
      1456
      1520
      1517
      1439
      1498
      1523
      1516
      1494
      1484
      1524
      1502
      1566
      1527
      1467
      1532
      1512
      1550
      1599
      1545
      1443
      1529
      1549
      1441
      1422
      1484
      1561
      1512
      1504
      1483
      1498
      1476
      1430
      1531
      1473
      1495
      1578
      1469
      1489
      1432
      1454
      1521
      1476
      1418
      1529
      1505
      1379
      1417
      1462
      1427
      1454
      1498
      1359
      1400
      1469
      1428
      1379
      1389
      1464
      1420
      1396
      1430
      1405
      1405
      1356
      1427
      1389
      1426
      1369
      1354
      1403
      1476
      1367
      1357
      1431
      1369
      1435
      1410
      1370
      1359
      1307
      1445
      1395
      1385
      1366
      1409
      1410
      1337
      1346
      1407
      1332
      1369
      1386
      1354
      1335
      1339
      1405
      1393
      1352
      1365
      1382
      1327
      1376
      1364
      1364
      1327
      1330
      1393
      1344
      1328
      1326
      1412
      1336
      1376
      1387
      1387
      1384
      1338
      1331
      1370
      1373
      1375
      1391
      1379
      1404
      1313
      1353
      1323
      1265
      1354
      1327
      1314
      1290
      1359
      1290
      1322
      1332
      1275
      1319
      1331
      1303
      1360
      1334
      1297
      1386
      1295
      1290
      1274
      1290
      1309
      1279
      1310
      1285
      1356
      1261
      1262
      1291
      1345
      1245
      1364
      1296
      1249
      1286
      1261
      1317
      1278
      1314
      1294
      1285
      1368
      1304
      1357
      1330
      1316
      1283
      1319
      1313
      1273
      1315
      1259
      1279
      1260
      1298
      1233
      1302
      1335
      1306
      1324
      1316
      1303
      1332
      1333
      1291
      1298
      1378
      1288
      1332
      1302
      1275
      1308
      1310
      1263
      1292
      1311
      1305
      1266
      1266
      1319
      1361
      1326
      1214
      1253
      1298
      1330
      1254
      1307
      1368
      1276
      1253
      1258
      1320
      1338
      1264
      1275
      1275
      1275
      1198
      1269
      1308
      1291
      1236
      1285
      1313
      1303
      1319
      1220
      1271
      1354
      1317
      1318
      1277
      1265
      1312
      1356
      1218
      1285
      1237
      1280
      1351
      1257
      1225
      1286
      1261
      1286
      1192
      1321
      1172
      1266
      1251
      1216
      1256
      1294
      1322
      1282
      1278
      1218
      1253
      1329
      1227
      1291
      1279
      1256
      1269
      1323
      1251
      1254
      1270
      1292
      1196
      1324
      1264
      1222
      1248
      1304
      1241
      1303
      1262
      1275
      1253
      1306
      1339
      1309
      1301
      1352
      1290
      1348
      1273
      1302
      1335
      1299
      1334
      1263
      1238
      1320
      1278
      1279
      1300
      1315
      1321
      1262
      1285
      1334
      1374
      1328
      1325
      1364
      1258
      1265
      1305
      1337
      1264
      1333
      1346
      1309
      1333
      1317
      1337
      1304
      1358
      1291
      1309
      1330
      1275
      1313
      1310
      1305
      1326
      1292
      1315
      1307
      1263
      1318
      1292
      1301
      1258
      1373
      1368
      1327
      1359
      1352
      1292
      1258
      1314
      1352
      1325
      1339
      1340
      1326
      1311
      1320
      1340
      1346
      1345
      1329
      1303
      1303
      1292
      1266
      1379
      1351
      1306
      1337
      1343
      1350
      1388
      1358
      1356
      1331
      1380
      1356
      1375
      1305
      1314
      1326
      1358
      1335
      1343
      1327
      1399
      1289
      1370
      1350
      1335
      1386
      1371
      1347
      1425
      1358
      1334
      1367
      1367
      1367
      1367
      1397
      1389
      1395
      1319
      1383
      1366
      1443
      1387
      1390
      1396
      1338
      1382
      1333
      1438
      1420
      1431
      1410
      1386
      1409
      1437
      1379
      1338
      1382
      1411
      1418
      1467
      1467
      1413
      1399
      1492
      1415
      1413
      1475
      1406
      1399
      1502
      1421
      1414
      1444
      1391
      1495
      1409
      1416
      1490
      1444
      1488
      1454
      1416
      1407
      1387
      1462
      1452
      1461
      1452
      1381
      1413
      1391
      1489
      1457
      1448
      1417
      1477
      1470
      1477
      1482
      1357
      1443
      1397
      1468
      1391
      1383
      1408
      1418
      1443
      1493
      1420
      1409
      1449
      1476
      1484
      1404
      1393
      1442
      1405
      1412
      1466
      1435
      1485
      1420
      1455
      1467
      1496
      1454
      1480
      1399
      1483
      1491
      1506
      1383
      1435
      1485
      1439
      1504
      1466
      1485
      1502
      1495
      1465
      1459
      1470
      1482
      1436
      1472
      1492
      1499
      1569
      1529
      1511
      1489
      1487
      1519
      1488
      1518
      1518
      1517
      1485
      1481
      1573
      1511
      1463
      1505
      1510
      1538
      1564
      1488
      1527
      1500
      1547
      1547
      1575
      1540
      1548
      1520
      1506
      1473
      1516
      1515
      1536
      1540
      1560
      1577
      1501
      1585
      1554
      1533
      1500
      1520
      1490
      1505
      1490
      1525
      1590
      1475
      1499
      1532
      1540
      1464
      1458
      1456
      1539
      1390
      1468
      1479
      1423
      1472
      1429
      1396
      1371
      1421
      1423
      1340
      1481
      1446
      1374
      1352
      1353
      1375
      1350
      1364
      1363
      1342
      1301
      1301
      1315
      1270
      1229
      1255
      1309
      1241
      1184
      1220
      1194
      1168
      1241
      1215
      1140
      1154
      1153
      1165
      1189
      1184
      1120
      1117
      1142
      1099
      1093
      1068
      1105
      1057
      1028
      1070
      1072
      1080
      1084
       983
      1061
      1020
      1043
       988
      1037
      1017
       990
      1009
      1011
       980
      1035
      1029
      1079
       997
       993
       959
      1058
      1021
       954
       992
      1022
       950
       981
       992
       982
       994
      1008
       968
       971
       975
       943
       946
       944
       967
       986
      1020
       939
       943
       928
       961
      1000
       939
       960
       939
       908
       981
      1003
       961
       935
       961
      1004
       917
       973
       970
       980
       980
       924
      1007
       931
       937
       912
       929
       980
       915
       982
       966
       955
       998
       891
       891
       931
       886
       901
       954
       967
       888
       942
       892
       946
       919
       882
       925
       879
       871
       920
       935
       897
       910
       903
       881
       898
       900
       877
       907
       890
       881
       931
       864
       857
       940
       936
       908
       953
       949
       936
       954
       919
       971
       984
       977
       965
      1011
      1036
      1109
      1073
      1083
      1124
      1162
      1225
      1240
      1324
      1282
      1405
      1399
      1490
      1596
      1611
      1727
      1755
      1780
      1923
      1985
      2068
      2099
      2110
      2233
      2507
      2428
      2559
      2637
      2680
      2859
      2976
      3089
      3215
      3266
      3441
      3655
      3621
      3716
      3915
      3953
      4192
      4181
      4338
      4495
      4531
      4570
      4687
      4669
      4892
      5076
      5091
      5116
      5176
      5251
      5250
      5390
      5354
      5456
      5457
      5529
      5528
      5529
      5448
      5505
      5645
      5641
      5541
      5430
      5495
      5398
      5434
      5254
      5154
      5155
      5075
      5031
      4830
      4767
      4834
      4600
      4441
      4372
      4354
      4109
      4144
      3886
      3874
      3542
      3541
      3400
      3345
      3287
      3023
      2892
      2836
      2744
      2618
      2576
      2350
      2250
      2164
      2041
      1868
      1803
      1706
      1625
      1562
      1461
      1333
      1389
      1212
      1176
      1076
      1084
       969
       918
       795
       824
       704
       684
       639
       590
       558
       558
       473
       497
       429
       404
       331
       374
       388
       312
       319
       293
       304
       290
       260
       274
       253
       256
       253
       248
       248
       256
       269
       281
       280
       287
       264
       330
       324
       326
       364
       376
       420
       444
       423
       443
       522
       515
       521
       591
       605
       647
       676
       752
       782
       793
       871
       907
      1036
      1049
      1073
      1176
      1229
      1258
      1381
      1393
      1486
      1599
      1615
      1713
      1807
      1868
      1978
      2005
      2102
      2308
      2224
      2387
      2449
      2548
      2748
      2804
      2802
      3005
      3113
      3036
      3204
      3421
      3437
      3538
      3685
      3606
      3820
      3840
      3920
      4006
      4008
      4054
      4165
      4250
      4395
      4456
      4407
      4328
      4410
      4541
      4460
      4515
      4620
      4559
      4499
      4530
      4476
      4593
      4515
      4325
      4490
      4379
      4376
      4328
      4264
      4206
      4064
      4053
      3968
      3975
      3727
      3801
      3678
      3775
      3509
      3458
      3388
      3371
      3151
      3025
      3059
      2878
      2765
      2694
      2719
      2507
      2489
      2339
      2146
      2237
      2054
      1893
      1874
      1819
      1783
      1714
      1546
      1529
      1397
      1390
      1235
      1163
      1152
      1068
       974
       952
       878
       835
       790
       713
       686
       619
       546
       570
       520
       476
       473
       421
       394
       317
       341
       315
       294
       276
       245
       205
       240
       190
       176
       169
       119
       125
       123
       112
       101
        91
        71
        70
        64
        62
        77
        46
        45
        44
        36
        29
        36
        26
        28
        18
        30
        27
        15
        19
        14
        16
         8
        13
        10
         8
        12
        12
         7
        13
        11
         5
         5
         6
         7
         2
         6
         8
         5
         6
         4
         6
         7
         7
         5
         5
         4
         7
        11
         5
         5
         8
         8
         5
         8
         5
         5
         8
         5
         5
         6
         7
         3
         5
         8
         7
         6
         2
         3
         7
         3
         7
         4
         6
         7
         7
         6
         5
         5
         7
         6
        10
         4
         6
         9
         7
         6
        10
         7
         6
         3
         7
         9
         9
         4
         2
         5
         5
         2
         5
         6
         3
        10
         2
         7
         1
         3
         3
         2
         4
         4
         3
         4
         2
         3
         2
         5
         4
         3
         5
         7
         5
         5
         8
         8
         3
         1
         8
         8
         7
         6
         2
         6
         2
         2
         1
         5
         5
         2
        10
         3
         5
         5
         5
         3
         4
         9
         1
         2
         7
         1
         8
         5
         7
         7
         5
         8
         4
         4
        10
         6
         4
         8
         4
         4
         4
         5
         6
         9
         7
         6
         3
         7
         7
         3
         5
         5
         1
         2
        10
         3
         3
         9
         2
         4
         4
         6
         6
         4
         5
         8
         3
         6
         4
         4
         6
         9
         5
         8
        11
         8
         7
         6
         6
         5
         7
         3
         5
         3
         5
         8
         3
         2
         1
         5
         7
         3
         5
         2
         2
         6
         5
         6
         4
         2
         4
         4
         2
         6
         2
         2
         4
         4
         5
         3
         6
         9
         6
         3
         3
         5
         5
         2
         3
         5
        10
         7
         6
         4
         5
         5
         4
         3
         4
         3
         6
         5
         9
         2
         2
         5
         5
         4
         2
         3
         3
         9
         4
         4
         6
         2
         4
         5
        10
         2
         7
         3
         8
         3
         7
         8
         5
         4
         5
         9
         4
         5
         5
         1
         5
         5
         2
         4
         5
         6
         3
         4
         1
         4
         6
         2
         1
         3
         5
         7
         5
         6
         6
         5
         4
         4
         3
         5
         2
         3
         4
         5
         5
         4
         6
         2
         2
         4
         5
         2
         3
         5
         3
         5
         1
         4
         2
         3
         6
         2
         5
         2
         3
         5
         3
         0
         5
         1
         5
         1
         5
         3
         2
         6
         4
         5
         4
         4
         5
         1
         1
         3
         2
         0
         1
         8
         4
         3
         6
         2
         1
         4
         2
         4
         4
         4
         4
         5
         5
         0
         5
         2
         3
         2
         3
         4
         6
         4
         3
         4
         5
         3
         1
         2
         2
         0
         5
         3
         1
         0
         3
         8
         4
         6
         5
         3
         4
         4
         2
         7
         1
         0
         1
         5
         3
         5
         8
         2
         6
         4
         2
         4
         1
         3
         2
         4
         5
         2
         6
         7
         1
         4
         4
         2
         2
         6
         1
         1
         2
         1
         3
         2
         5
         4
         2
         6
         6
         2
         2
         9
         9
         0
         5
         3
         0
         3
         2
         2
         3
         2
         2
         3
         5
         1
         2
         2
         1
         2
         2
         2
         1
         5
         5
         4
         4
         6
         3
         4
         1
         5
         2
         1
         0
         3
         4
         1
         7
         3
         4
         4
         2
         2
         1
         2
         2
         3
         3
         5
         3
         1
         0
         5
         1
         3
         2
         4
         3
         5
         1
         2
         5
         4
         4
         3
         2
         3
         6
         1
         4
         2
         2
         2
         4
         5
         2
         1
         3
         4
         4
         2
         1
         4
         1
         2
         3
         2
         2
         2
         6
         3
         1
         0
         3
         0
         1
         2
         0
         3
         0
         1
         1
         1
         1
         1
         3
         0
         1
         2
         1
         1
         0
         5
         2
         1
         3
         2
         1
         4
         0
         4
         1
         2
         5
         2
         6
         4
         3
         3
         1
         2
         2
         1
         2
         5
         1
         4
         2
         4
         4
         0
         1
         3
         2
         0
         2
         4
         3
         3
         2
         3
         1
         1
         2
         4
         0
         2
         1
         3
         3
         1
         0
         1
         0
         3
         0
         3
         1
         0
         2
         1
         4
         2
         2
         5
         5
         3
         6
         3
         2
         0
         5
         3
         1
         3
         2
         2
         1
         1
         1
         3
         4
         1
         3
         1
         5
         0
         5
         2
         2
         2
         2
         2
         2
         0
         5
         2
         0
         7
         6
         2
         2
         1
         3
         1
         4
         2
         8
         5
         4
         2
         2
         7
         5
         1
         3
         2
         1
         3
         5
         4
         4
         5
         4
         6
         3
         2
         4
         3
         4
         2
         4
         3
         1
         5
         4
         3
         6
         2
         0
         2
         3
         1
         3
         2
         3
         4
         4
         3
         5
         0
         3
         3
         4
         4
         1
         1
         2
         2
         2
         2
         2
         4
         3
         1
         4
         2
         5
         2
         2
         3
         5
         3
         1
         4
         2
         1
         2
         4
         0
         4
         1
         3
         2
         5
         3
         2
         4
         1
         2
         1
         5
         2
         1
         6
         4
         3
         2
         1
         2
         2
         3
         1
         3
         2
         3
         3
         0
         1
         3
         0
         6
         0
         3
         3
         1
         1
         3
         3
         0
         1
         0
         3
         2
         1
         2
         0
         2
         4
         2
         4
         2
         1
         2
         5
         2
         1
         2
         2
         3
         3
         2
         2
         1
         1
         3
         3
         4
         2
         1
         1
         3
         1
         3
         2
         1
         2
         3
         2
         2
         2
         2
         3
         3
         0
         1
         1
         4
         0
         1
         1
         3
         6
         2
         3
         3
         0
         0
         0
         3
         2
         2
         3
         0
         3
         2
         3
         1
         1
         1
         4
         3
         1
         1
         1
         1
         2
         2
         2
         2
         1
         1
         2
         2
         0
         5
         2
         0
         1
         0
         3
         3
         1
         4
         2
         2
         1
         3
         2
         2
         2
         0
         0
         1
         2
         2
         3
         5
         3
         1
         3
         0
         4
         3
         4
         3
         4
         2
         2
         3
         2
         4
         4
         3
         2
         5
         2
         2
         2
         1
         0
         3
         1
         2
         0
         3
         0
         3
         1
         1
         3
         1
         2
         0
         0
         0
         2
         1
         4
         1
         1
         1
         1
         1
         1
         0
         0
         3
         1
         0
         1
         0
         0
         2
         2
         0
         1
         1
         1
         0
         1
         3
         0
         1
         0
         4
         1
         2
         1
         2
         1
         1
         1
         0
         1
         3
         1
         0
         0
         0
         0
         1
         0
         2
         0
         2
         3
         0
         0
         2
         1
         0
         2
         0
         0
         1
         1
         1
         1
         1
         2
         0
         1
         1
         1
         1
         1
         2
         1
         1
         0
         1
         1
         1
         3
         1
         1
         2
         3
         2
         1
         0
         2
         2
         2
         2
         2
         2
         2
         3
         3
         2
         1
         4
         2
         1
         0
         3
         0
         0
         1
         2
         2
         1
         2
         1
         3
         3
         1
         6
         7
         2
         2
         0
         4
         5
         2
         5
         3
         5
         6
         0
         4
         6
         2
         3
         4
         3
         3
         5
         4
         3
         2
         5
         5
         5
         5
         6
        10
         5
         3
         2
         5
         5
         4
         3
         4
         2
         5
         6
         6
         6
         7
         3
         8
         8
         7
         8
         8
         5
         3
         1
         5
         9
         7
         6
         6
         5
         6
         5
         2
         8
         9
         5
        11
         4
         3
         4
         5
         4
         7
         3
         3
         5
         6
         4
         4
         8
         4
         1
         5
         4
         4
         7
         5
         5
         7
         4
         2
         2
         6
         3
         6
         4
         2
         5
         2
         4
         5
         2
         4
         1
         2
         3
         3
         3
         3
         7
         1
         1
         0
         1
         6
         8
         0
         3
         3
         1
         1
         3
         2
         2
         1
         1
         0
         1
         0
         0
         1
         2
         2
         2
         1
         1
         1
         0
         1
         1
         0
         1
         1
         1
         2
         1
         0
         0
         1
         0
         0
         1
         0
         0
         1
         0
         0
         1
         0
         0
         0
         0
         1
         0
         0
         0
         0
         0
         1
         0
         0
         0
         0
         0
         0
         1
         0
         0
         0
         0
         0
         0
         0
         0
         0
         0
         0
         0
         0
         0
         0
         0
         0
         0
         0
         0
         0
         0
         0
         0
         0
         0
         0
         0
         0
         0
         0
         0
         0
         0
         0
         0
         0
         0
         0
         0
         0
         0
         0
         0
         0
         0
         0
         0
         0
         0
         0
         0
         0
         0
         0
         0
         0
         0
         0
         0
         0
         0
         0
         0
         0
         0
         0
         0
         0
         0
         0
         0
         0
         0
         0
         0
         0
         0
         0
         0
         0
         0
         0
         0
         0
         0
         0
         0
         0
         0
         0
         0
         0
         0
         0
         0
         0
         0
         0
         0
         0
         0
         0
         0
         0
         0
         0
         0
         0
         0
         0
         0
         0
         0
         0
         0
         0
         0
         0
         0
         0
         0
         0
         0
         0
         0
         0
         0
         0
         0
         0
         0
         0
         0
         0
         0
         0
         0
         0
         0
         0
         0
         0
         0
         0
         0
         0
         0
         0
         0
         0
         0
         0
         0
         0
         0
         0
         0
         0
         0
         0
         0
         0
         0
         0
         0
         0
         0
         0
         0
         0
         0
         0
         0
         0
         0
         0
         0
         0
         0
         0
         0
         0
         0
         0
         0
         0
         0
         0
         0
         0
         0
         0
         0
         0
         0
         0
         0
         0
         0
         0
         0
         0
         0
         0
         0
         0
         0
         0
         0
         0
         0
         0
         0
         0
         0
         0
         0
         0
         0
         0
         0
         0
         0
         0
         0
         0
         0
         0
         0
         0
         0
         0
         0
         0
         0
         0
         0
         0
         0
         0
         0
         0
         0
         0
         0
         0
         0
         0
         0
         0
         0
         0
         0
         0
         0
         0
         0
         0
         0
         0
         0
         0
         0
         0
         0
         0
         0
         0
         0
         0
         0
         0
         0
         0
         0
         0
         0
         0
         0
         0
         0
         0
         0
         0
         0
         0
         0
         0
         0
         0
         0
         0
         0
         0
         0
         0
         0
         0
         0
         0
         0
         0
         0
         0
         0
         0
         0
         0
         0
         0
         0
         0
         0
         0
         0
         0
         0
         0
         0
         0
         0
         0
         0
         0
         0
         0
         0
         0
         0
         0
         0
         0
         0
         0
         0
         0
         0
         0
         0
         0
         0
         0
         0
         0
         0
         0
         0
         0
         0
         0
         0
         0
         0
         0
         0
         0
         0
         0
         0
         0
         0
         0
         0
         0
         0
         0
         0
         0
         0
         0
         0
         0
         0
         0
         0
         0
         0
         0
