         0
         0
         0
         0
         0
         0
         0
         0
         0
         0
      1122
      1187
      1119
      1133
      1128
      1169
      1144
      1113
      1245
      1256
      1213
      1223
      1236
      1237
      1233
      1285
      1290
      1259
      1296
      1301
      1323
      1340
      1342
      1341
      1291
      1257
      1283
      1213
      1274
      1258
      1277
      1153
      1143
      1166
      1190
      1124
      1133
      1223
      1201
      1214
      1270
      1214
      1210
      1245
      1263
      1296
      1321
      1381
      1314
      1309
      1331
      1395
      1294
      1301
      1352
      1250
      1317
      1286
      1403
      1330
      1298
      1369
      1255
      1327
      1344
      1270
      1269
      1282
      1318
      1208
      1281
      1294
      1321
      1343
      1280
      1378
      1259
      1389
      1343
      1408
      1469
      1333
      1469
      1397
      1489
      1404
      1458
      1441
      1478
      1541
      1574
      1476
      1508
      1630
      1552
      1582
      1610
      1668
      1618
      1560
      1663
      1609
      1631
      1607
      1650
      1583
      1671
      1650
      1684
      1653
      1701
      1698
      1678
      1718
      1716
      1733
      1744
      1779
      1867
      1804
      1844
      1779
      1796
      1905
      1864
      1800
      1896
      1869
      1846
      1854
      1844
      1936
      1883
      1923
      1898
      1853
      1852
      1767
      1825
      1903
      1772
      1934
      1869
      1874
      1828
      1908
      1840
      1837
      1828
      1926
      1864
      1881
      1821
      1829
      1774
      1841
      1863
      1856
      1846
      1846
      1881
      1905
      1798
      1878
      1876
      1892
      1961
      1854
      1909
      1974
      1853
      1871
      1900
      1801
      1886
      1921
      1959
      1905
      1953
      2012
      1938
      2054
      2024
      1967
      2073
      2033
      2095
      2027
      2112
      2133
      2189
      2162
      2145
      2185
      2224
      2132
      2155
      2254
      2336
      2360
      2320
      2343
      2493
      2440
      2382
      2464
      2446
      2497
      2573
      2550
      2497
      2504
      2449
      2529
      2550
      2562
      2565
      2704
      2546
      2603
      2511
      2491
      2541
      2524
      2525
      2431
      2451
      2486
      2403
      2455
      2494
      2467
      2445
      2341
      2428
      2373
      2400
      2398
      2292
      2402
      2243
      2278
      2268
      2280
      2325
      2304
      2376
      2249
      2269
      2251
      2157
      2213
      2239
      2302
      2309
      2260
      2274
      2190
      2216
      2161
      2214
      2167
      2269
      2147
      2211
      2164
      2302
      2299
      2162
      2174
      2198
      2150
      2204
      2154
      2177
      2128
      2187
      2102
      2117
      2163
      2132
      2106
      2072
      2060
      2101
      2080
      2105
      2096
      2055
      2054
      2147
      2093
      1974
      2004
      2100
      2116
      2073
      2032
      2038
      2121
      2030
      2037
      2013
      1990
      2010
      2036
      1999
      1946
      2000
      2064
      1926
      1966
      1950
      1857
      1886
      1899
      1882
      1954
      1818
      1969
      1945
      1810
      1894
      1860
      1841
      1800
      1797
      1878
      1782
      1762
      1776
      1787
      1747
      1820
      1831
      1732
      1832
      1798
      1807
      1737
      1763
      1669
      1778
      1789
      1765
      1820
      1744
      1720
      1727
      1691
      1798
      1675
      1708
      1788
      1749
      1697
      1711
      1730
      1690
      1652
      1668
      1728
      1751
      1652
      1720
      1653
      1702
      1652
      1693
      1692
      1629
      1641
      1686
      1685
      1706
      1696
      1711
      1684
      1593
      1629
      1662
      1647
      1706
      1654
      1628
      1568
      1583
      1675
      1616
      1572
      1670
      1661
      1569
      1565
      1602
      1593
      1635
      1590
      1647
      1558
      1556
      1583
      1601
      1623
      1558
      1618
      1703
      1533
      1574
      1556
      1561
      1611
      1693
      1534
      1619
      1566
      1590
      1460
      1517
      1511
      1568
      1574
      1485
      1535
      1553
      1473
      1529
      1473
      1502
      1533
      1545
      1518
      1492
      1551
      1459
      1453
      1468
      1448
      1521
      1516
      1512
      1540
      1500
      1434
      1468
      1431
      1480
      1468
      1504
      1547
      1505
      1490
      1451
      1486
      1465
      1478
      1463
      1514
      1440
      1488
      1503
      1377
      1406
      1448
      1411
      1448
      1464
      1473
      1406
      1493
      1459
      1487
      1460
      1526
      1490
      1513
      1414
      1469
      1457
      1464
      1444
      1517
      1415
      1489
      1473
      1445
      1485
      1521
      1455
      1415
      1518
      1404
      1475
      1482
      1417
      1425
      1335
      1449
      1358
      1486
      1403
      1399
      1419
      1407
      1405
      1458
      1420
      1428
      1464
      1360
      1422
      1429
      1456
      1388
      1408
      1430
      1353
      1477
      1408
      1350
      1369
      1426
      1323
      1367
      1397
      1431
      1424
      1387
      1387
      1393
      1403
      1300
      1372
      1313
      1420
      1374
      1373
      1349
      1320
      1366
      1365
      1377
      1376
      1401
      1372
      1330
      1370
      1375
      1375
      1393
      1336
      1285
      1308
      1396
      1400
      1396
      1384
      1362
      1300
      1361
      1297
      1350
      1337
      1297
      1288
      1380
      1346
      1328
      1252
      1231
      1338
      1270
      1294
      1319
      1372
      1329
      1302
      1292
      1266
      1271
      1280
      1348
      1327
      1364
      1301
      1304
      1306
      1328
      1340
      1269
      1256
      1249
      1235
      1334
      1276
      1325
      1256
      1301
      1273
      1317
      1323
      1367
      1279
      1304
      1297
      1230
      1268
      1260
      1245
      1269
      1312
      1319
      1339
      1300
      1298
      1319
      1321
      1313
      1235
      1303
      1290
      1318
      1325
      1377
      1310
      1296
      1353
      1351
      1317
      1349
      1348
      1328
      1287
      1243
      1382
      1272
      1322
      1344
      1295
      1265
      1343
      1348
      1324
      1281
      1398
      1372
      1365
      1322
      1282
      1306
      1339
      1284
      1314
      1406
      1297
      1310
      1381
      1358
      1274
      1327
      1279
      1346
      1336
      1328
      1299
      1333
      1315
      1363
      1367
      1275
      1295
      1241
      1303
      1291
      1328
      1397
      1261
      1339
      1333
      1284
      1310
      1254
      1266
      1305
      1276
      1286
      1299
      1364
      1377
      1374
      1268
      1309
      1297
      1302
      1265
      1281
      1331
      1380
      1333
      1336
      1332
      1304
      1315
      1290
      1332
      1317
      1378
      1309
      1323
      1371
      1388
      1362
      1319
      1284
      1265
      1332
      1315
      1335
      1388
      1311
      1314
      1338
      1336
      1260
      1344
      1306
      1316
      1411
      1350
      1336
      1387
      1253
      1358
      1327
      1325
      1308
      1298
      1345
      1316
      1278
      1343
      1315
      1342
      1300
      1310
      1315
      1349
      1363
      1287
      1383
      1308
      1251
      1358
      1285
      1248
      1321
      1328
      1356
      1305
      1309
      1343
      1322
      1316
      1294
      1365
      1303
      1337
      1351
      1335
      1306
      1351
      1310
      1318
      1369
      1352
      1359
      1413
      1370
      1351
      1406
      1285
      1287
      1377
      1311
      1365
      1360
      1353
      1356
      1285
      1353
      1324
      1421
      1413
      1339
      1331
      1434
      1394
      1363
      1375
      1388
      1375
      1392
      1381
      1403
      1407
      1343
      1387
      1389
      1393
      1396
      1341
      1390
      1419
      1372
      1388
      1369
      1377
      1436
      1434
      1388
      1381
      1356
      1423
      1386
      1418
      1385
      1347
      1405
      1360
      1379
      1320
      1378
      1462
      1305
      1337
      1350
      1355
      1340
      1373
      1425
      1354
      1425
      1344
      1397
      1308
      1458
      1410
      1340
      1360
      1311
      1341
      1381
      1350
      1359
      1339
      1441
      1355
      1464
      1341
      1416
      1411
      1421
      1421
      1341
      1436
      1389
      1360
      1329
      1373
      1403
      1402
      1399
      1397
      1379
      1355
      1386
      1460
      1458
      1410
      1449
      1424
      1353
      1381
      1364
      1348
      1402
      1371
      1417
      1453
      1406
      1457
      1469
      1380
      1422
      1447
      1473
      1410
      1460
      1420
      1417
      1459
      1430
      1484
      1485
      1446
      1464
      1462
      1406
      1515
      1451
      1450
      1386
      1480
      1424
      1452
      1478
      1509
      1366
      1426
      1455
      1395
      1434
      1425
      1424
      1403
      1378
      1426
      1411
      1473
      1456
      1399
      1438
      1389
      1413
      1416
      1321
      1371
      1302
      1351
      1358
      1372
      1350
      1338
      1348
      1354
      1226
      1331
      1293
      1292
      1284
      1301
      1245
      1304
      1242
      1226
      1222
      1328
      1257
      1202
      1161
      1191
      1277
      1212
      1219
      1198
      1204
      1140
      1205
      1212
      1158
      1131
      1155
      1094
      1086
      1141
      1102
      1191
      1041
      1000
      1073
      1145
      1084
      1038
      1006
      1039
      1055
       972
      1013
      1026
      1005
      1014
      1041
      1064
       998
      1001
      1065
       961
      1024
      1045
       997
       973
      1057
       971
       992
       976
      1005
       971
       979
       949
      1004
       921
       949
       994
       935
       949
       989
       924
       952
       921
      1008
       921
       923
       913
       955
      1011
       915
       943
       977
       972
       897
       899
       899
       918
       922
       889
       903
       945
       962
       958
       980
       928
       970
       946
       915
       933
       904
       837
       942
       901
       917
       937
       913
       915
       906
       872
       897
       891
       928
       882
       893
       897
       898
       878
       944
       883
       931
       888
       858
       856
       861
       840
       902
       913
       862
       890
       832
       855
       884
       844
       951
       804
       833
       887
       878
       863
       913
       894
       914
       878
       862
       890
       882
       876
       930
       908
       959
       955
       945
       952
       965
       994
       947
      1037
      1053
      1066
      1117
      1127
      1218
      1253
      1259
      1256
      1299
      1409
      1483
      1467
      1572
      1590
      1630
      1761
      1798
      1865
      1981
      2001
      2157
      2142
      2170
      2434
      2423
      2450
      2711
      2675
      2848
      2964
      3040
      3049
      3193
      3214
      3455
      3476
      3676
      3613
      3808
      3888
      3979
      4221
      4195
      4308
      4329
      4422
      4549
      4434
      4632
      4553
      4738
      4840
      4798
      4817
      4998
      4910
      5102
      4892
      5051
      4968
      4935
      4893
      4956
      4965
      4921
      4934
      4819
      4646
      4712
      4781
      4605
      4467
      4486
      4453
      4331
      4108
      4163
      4009
      3997
      3783
      3677
      3534
      3480
      3375
      3377
      3177
      3095
      3023
      2835
      2644
      2561
      2514
      2455
      2263
      2249
      2140
      2086
      1975
      1814
      1722
      1597
      1598
      1379
      1417
      1339
      1221
      1179
      1102
      1030
       980
       902
       852
       804
       799
       721
       709
       611
       609
       524
       549
       536
       439
       456
       436
       382
       372
       371
       347
       322
       331
       284
       329
       253
       263
       264
       274
       247
       282
       249
       275
       258
       265
       284
       314
       294
       279
       317
       315
       324
       337
       345
       368
       404
       422
       455
       440
       465
       511
       546
       621
       598
       647
       652
       699
       744
       815
       828
       872
       954
       995
      1096
      1034
      1187
      1197
      1234
      1390
      1383
      1458
      1543
      1621
      1739
      1778
      1768
      1901
      2050
      2095
      2163
      2357
      2255
      2489
      2477
      2628
      2696
      2728
      2742
      2887
      3085
      3123
      3059
      3234
      3230
      3501
      3407
      3536
      3547
      3634
      3586
      3777
      3883
      3877
      3835
      3827
      4026
      3914
      3971
      4073
      3973
      4047
      4028
      4015
      4022
      4045
      4113
      3921
      4049
      3986
      3924
      3871
      3939
      3743
      3780
      3748
      3622
      3674
      3533
      3475
      3361
      3341
      3253
      3164
      3116
      3084
      2972
      2856
      2792
      2707
      2517
      2563
      2309
      2329
      2204
      2176
      2055
      1987
      1903
      1864
      1764
      1702
      1598
      1544
      1500
      1384
      1344
      1271
      1234
      1104
      1080
      1023
       992
       931
       853
       784
       762
       715
       633
       606
       583
       506
       512
       445
       413
       421
       350
       346
       308
       294
       275
       264
       225
       213
       212
       166
       162
       164
       148
       106
       113
       121
        92
        80
        82
        75
        77
        56
        60
        44
        48
        44
        45
        26
        31
        20
        24
        26
        17
        22
        15
        14
        14
        12
         6
         7
        12
         9
         8
        10
         5
         7
         8
         7
         4
         5
         6
         6
         4
         4
         3
         4
         4
         8
         2
         4
         0
         9
         4
         3
         7
         4
         3
         3
         1
         4
         4
         9
         3
         2
         3
         7
         3
         2
         4
         3
         6
         1
         6
         5
         0
         2
         2
         1
         1
         3
         3
         5
         3
         1
         2
         1
         0
         3
         5
         6
         3
         9
         1
         5
         3
         2
         2
         3
         4
         5
         2
         1
         3
         2
         6
         4
         7
         6
         4
         6
         2
         7
         1
         3
         3
         1
         3
         4
         5
         4
         2
         2
         1
        10
         2
         5
         2
         5
         6
         6
         5
         4
         5
         3
         4
         2
         5
         3
         7
         2
         3
         6
         2
         6
         6
         1
         3
         1
         5
         5
         6
         8
         8
         5
         4
         4
         0
         4
         3
         6
         3
         5
         4
         6
         3
         4
         4
         7
         2
         7
         4
         8
         6
         4
         4
         7
         5
         9
         9
         3
         8
         4
         6
         6
         4
         6
         8
         4
         5
         1
         3
         9
         4
         1
         6
         3
         5
         3
         5
         3
         6
         5
         5
         4
         7
         6
         5
         3
         3
         7
         4
         8
         2
         3
         6
         8
         7
         5
         3
         8
         7
         9
         5
         4
         5
         5
         9
         4
         8
         7
         5
         3
         4
         6
         5
         7
         2
         7
        11
         3
         5
         5
         4
         6
         7
         2
         7
         4
         3
         5
         9
         3
         9
         3
         5
         5
         6
         9
         7
         6
         6
         4
         5
        10
         3
         5
         5
         5
         3
         3
        11
         6
         6
         6
         2
         1
         4
         6
        10
        11
         6
         4
         3
         5
         1
         6
         7
         4
         5
         3
         6
         4
         6
         7
         5
         3
         3
         4
         2
         3
         7
         2
         3
         2
         4
         2
         3
         6
         3
         2
         4
         2
         4
         3
         5
         7
         3
         6
         1
         3
         2
         2
         3
         2
         3
         5
         3
         4
         3
         1
         2
         3
         1
         5
         4
         3
         3
         7
         4
         7
         2
         5
         1
         3
         4
         4
         3
         3
         1
         3
         3
         4
         4
         5
         2
         3
         4
         4
         7
         3
         1
         4
         7
         3
         4
         2
         2
         7
         2
         3
         4
         5
         5
         0
         1
         4
         3
         0
         2
         4
         1
         2
         3
         6
         3
         4
         6
         4
         5
         4
         3
         4
         4
         3
         4
         2
         2
         3
         1
         3
         1
         6
         6
         4
         5
         4
         4
         4
         2
         3
         0
         5
         4
         6
         7
         4
         7
         5
         3
         3
         6
         3
         4
         4
         5
         2
         3
         4
         3
         9
         3
         5
         4
         2
         5
         1
         5
         0
         5
         0
        10
         6
         3
         5
         5
         6
         5
         7
         4
         3
         5
         7
         2
         5
         2
         3
         8
         4
         1
         7
         2
         5
         4
         5
         6
         8
         1
         3
         3
         3
         2
         4
         0
         1
         3
         1
         2
         7
         1
         3
         3
         2
         4
         1
         6
         1
         2
         2
         5
         0
         1
         7
         4
         2
         1
         1
         5
         1
         3
         3
         4
         2
         2
         3
         2
         2
         5
         0
         3
         2
         2
         5
         3
         3
         3
         2
         3
         5
         3
         4
         4
         3
         2
         1
         3
         2
         4
         0
         5
         2
         4
         3
         1
         3
         3
         1
         2
         4
         1
         1
         3
         4
         3
         1
         5
         1
         6
         1
         4
         1
         5
         3
         4
         2
         4
         1
         3
         3
         3
         4
         5
         4
         1
         4
         2
         3
         5
         3
         0
         2
         2
         3
         1
         5
         1
         2
         3
         1
         4
         2
         5
         6
         2
         4
         2
         1
         4
         3
         2
         1
         2
         3
         4
         5
         4
         2
         3
         2
         0
         2
         4
         1
         3
         2
         6
         4
         5
         2
         3
         4
         3
         6
         2
         2
         4
         5
         1
         4
         1
         4
         0
         5
         1
         2
         4
         3
         2
         3
         1
         2
         3
         1
         1
         4
         4
         2
         2
         5
         2
         2
         1
         2
         4
         3
         4
         5
         1
         5
         2
         3
         2
         3
         4
         5
         3
         1
         1
         3
         5
         4
         3
         3
         1
         1
         0
         3
         4
         1
         5
         2
         6
         3
         1
         2
         4
         2
         3
         0
         4
         2
         2
         1
         2
         2
         1
         2
         1
         1
         3
         3
         3
         0
         1
         3
         2
         3
         1
         1
         1
         1
         3
         4
         1
         2
         0
         3
         1
         4
         1
         1
         0
         3
         1
         4
         4
         2
         4
         1
         0
         3
         4
         0
         1
         3
         3
         3
         2
         1
         2
         2
         5
         5
         2
         1
         4
         1
         2
         5
         2
         2
         3
         3
         4
         1
         3
         8
         3
         1
         3
         0
         3
         2
         3
         1
         2
         5
         2
         1
         5
         2
         1
         1
         2
         1
         2
         1
         1
         5
         2
         3
         3
         2
         6
         2
         3
         5
         5
         1
         4
         4
         2
         4
         4
         3
         1
         2
         2
         2
         0
         1
         0
         2
         3
         3
         2
         2
         4
         4
         3
         4
         3
         3
         2
         5
         4
         0
         2
         3
         1
         6
         2
         3
         5
         1
         4
         1
         1
         3
         1
         2
         2
         5
         5
         4
         2
         0
         5
         2
         2
         1
         4
         4
         2
         1
         2
         4
         4
         1
         3
         2
         1
         2
         3
         3
         3
         0
         1
         2
         4
         2
         3
         3
         2
         1
         0
         3
         2
         0
         3
         2
         1
         0
         2
         2
         1
         5
         1
         2
         4
         1
         1
         3
         3
         1
         2
         2
         0
         0
         0
         2
         0
         1
         1
         3
         3
         2
         1
         0
         0
         0
         1
         2
         0
         2
         0
         2
         0
         1
         2
         2
         2
         2
         0
         2
         0
         0
         0
         1
         4
         0
         0
         0
         2
         0
         2
         3
         0
         1
         2
         0
         1
         1
         2
         1
         2
         1
         2
         1
         2
         0
         2
         1
         0
         0
         0
         2
         1
         1
         2
         0
         0
         0
         0
         2
         4
         1
         3
         2
         5
         0
         2
         1
         2
         0
         3
         1
         0
         0
         0
         0
         0
         0
         1
         1
         1
         1
         0
         0
         1
         2
         2
         1
         3
         2
         1
         2
         4
         1
         0
         1
         0
         2
         1
         0
         1
         0
         1
         0
         1
         1
         0
         0
         0
         1
         1
         0
         1
         3
         3
         2
         2
         2
         1
         1
         0
         3
         0
         1
         1
         1
         1
         1
         2
         2
         2
         0
         5
         1
         2
         1
         0
         0
         6
         5
         2
         0
         3
         0
         2
         4
         2
         2
         1
         3
         2
         1
         2
         2
         3
         4
         0
         5
         1
         3
         3
         4
         3
         6
         3
         6
         2
         4
         6
         1
         5
         1
         3
         3
         3
         5
         4
         1
         5
         4
         2
         4
         2
         5
         3
         3
         3
         7
         1
         2
         2
         5
         4
         6
         3
         2
         2
         3
         4
         3
         2
         6
         6
         1
         6
         2
         2
         2
         1
         7
         4
         4
         8
         3
         6
         3
         3
         4
         5
         5
         0
         6
         3
         3
         7
         2
         3
         4
         9
        10
         3
         4
         1
         5
         2
         6
         7
         2
         4
         2
         3
         6
         0
         1
         5
         4
         3
         5
         2
         4
         6
         4
         4
         5
         7
         2
         1
         4
         5
         4
         2
         1
         2
         3
         1
         3
         2
         3
         1
         2
         2
         0
         2
         1
         1
         0
         2
         1
         3
         1
         0
         2
         1
         0
         1
         0
         2
         1
         1
         2
         1
         1
         1
         1
         0
         2
         0
         0
         1
         1
         0
         1
         2
         1
         0
         2
         1
         0
         1
         0
         0
         0
         0
         0
         0
         0
         2
         0
         2
         0
         0
         0
         0
         0
         1
         0
         0
         0
         0
         0
         0
         0
         0
         1
         0
         0
         0
         0
         0
         0
         0
         0
         0
         0
         0
         0
         1
         0
         0
         0
         0
         0
         0
         0
         0
         0
         0
         0
         0
         0
         0
         0
         0
         0
         0
         0
         0
         0
         0
         0
         0
         0
         0
         0
         0
         0
         0
         0
         0
         0
         0
         0
         0
         0
         0
         0
         0
         0
         0
         0
         0
         0
         0
         0
         0
         0
         0
         0
         0
         0
         0
         0
         0
         0
         0
         0
         0
         0
         0
         0
         0
         0
         0
         0
         0
         0
         0
         0
         0
         0
         0
         0
         0
         0
         0
         0
         0
         0
         0
         0
         0
         0
         0
         0
         0
         0
         0
         0
         0
         0
         0
         0
         0
         0
         0
         0
         0
         0
         0
         0
         0
         0
         0
         0
         0
         0
         0
         0
         0
         0
         0
         0
         0
         0
         0
         0
         0
         0
         0
         0
         0
         0
         0
         0
         0
         0
         0
         0
         0
         0
         0
         0
         0
         0
         0
         0
         0
         0
         0
         0
         0
         0
         0
         0
         0
         0
         0
         0
         0
         0
         0
         0
         0
         0
         0
         0
         0
         0
         0
         0
         0
         0
         0
         0
         0
         0
         0
         0
         0
         0
         0
         0
         0
         0
         0
         0
         0
         0
         0
         0
         0
         0
         0
         0
         0
         0
         0
         0
         0
         0
         0
         0
         0
         0
         0
         0
         0
         0
         0
         0
         0
         0
         0
         0
         0
         0
         0
         0
         0
         0
         0
         0
         0
         0
         0
         0
         0
         0
         0
         0
         0
         0
         0
         0
         0
         0
         0
         0
         0
         0
         0
         0
         0
         0
         0
         0
         0
         0
         0
         0
         0
         0
         0
         0
         0
         0
         0
         0
         0
         0
         0
         0
         0
         0
         0
         0
         0
         0
         0
         0
         0
         0
         0
         0
         0
         0
         0
         0
         0
         0
         0
         0
         0
         0
         0
         0
         0
         0
         0
         0
         0
         0
         0
         0
         0
         0
         0
         0
         0
         0
         0
         0
         0
         0
         0
         0
         0
         0
         0
         0
         0
         0
         0
         0
         0
         0
         0
         0
         0
         0
         0
         0
         0
         0
         0
         0
         0
         0
         0
         0
         0
         0
         0
         0
         0
         0
         0
         0
         0
         0
         0
         0
         0
         0
         0
         0
         0
         0
         0
         0
         0
         0
         0
         0
         0
         0
         0
         0
         0
         0
         0
         0
         0
         0
         0
         0
         0
         0
         0
         0
