         0
         0
         0
         0
         0
         0
         0
         0
         0
         0
      1140
      1181
      1121
      1182
      1116
      1187
      1144
      1184
      1264
      1368
      1277
      1275
      1259
      1276
      1293
      1351
      1338
      1368
      1291
      1383
      1291
      1249
      1328
      1342
      1264
      1269
      1253
      1260
      1205
      1214
      1184
      1227
      1171
      1157
      1135
      1174
      1175
      1206
      1241
      1214
      1204
      1254
      1177
      1272
      1210
      1264
      1268
      1256
      1285
      1319
      1352
      1415
      1345
      1275
      1337
      1300
      1326
      1337
      1277
      1289
      1372
      1335
      1289
      1326
      1293
      1300
      1393
      1298
      1314
      1271
      1317
      1357
      1310
      1297
      1356
      1306
      1291
      1322
      1385
      1466
      1404
      1341
      1390
      1393
      1385
      1469
      1514
      1455
      1501
      1487
      1511
      1543
      1515
      1547
      1567
      1618
      1630
      1648
      1653
      1646
      1635
      1632
      1628
      1667
      1586
      1728
      1672
      1681
      1726
      1627
      1752
      1741
      1823
      1779
      1784
      1762
      1853
      1769
      1844
      1832
      1873
      1938
      1853
      1819
      1943
      1864
      1890
      1838
      1969
      1923
      1892
      1865
      1937
      1983
      1918
      2034
      1882
      1995
      1883
      2012
      1963
      1853
      1977
      1932
      1897
      1916
      1855
      1947
      1928
      1896
      1893
      1920
      2001
      1908
      1935
      1842
      1967
      1899
      1986
      1973
      1863
      1898
      1814
      1925
      1902
      1923
      1971
      2029
      1882
      1954
      1919
      1982
      1898
      2031
      1985
      2041
      1958
      2068
      1960
      1999
      2035
      2015
      2046
      2040
      2043
      2116
      2074
      2035
      2115
      2164
      2114
      2204
      2290
      2285
      2182
      2350
      2241
      2322
      2315
      2337
      2416
      2368
      2495
      2501
      2459
      2553
      2623
      2572
      2515
      2559
      2631
      2567
      2724
      2615
      2629
      2560
      2549
      2688
      2548
      2564
      2677
      2589
      2560
      2596
      2607
      2514
      2534
      2517
      2593
      2477
      2455
      2454
      2465
      2373
      2537
      2342
      2393
      2455
      2452
      2368
      2366
      2325
      2319
      2264
      2350
      2188
      2253
      2221
      2335
      2244
      2296
      2280
      2261
      2154
      2286
      2234
      2267
      2276
      2362
      2294
      2214
      2211
      2296
      2295
      2344
      2217
      2187
      2257
      2174
      2227
      2216
      2139
      2134
      2184
      2155
      2220
      2091
      2190
      2241
      2101
      2185
      2169
      2137
      2183
      2093
      2127
      2177
      2068
      2123
      2150
      2131
      2130
      2031
      2075
      2109
      2034
      2124
      2047
      2063
      2066
      2008
      2109
      2041
      2042
      2017
      1987
      2008
      2032
      2010
      1986
      1952
      1914
      1939
      1937
      1860
      2013
      1960
      1851
      1911
      1946
      1882
      1905
      1865
      1875
      1847
      1827
      1879
      1766
      1866
      1820
      1794
      1806
      1731
      1803
      1845
      1807
      1750
      1822
      1785
      1785
      1788
      1729
      1703
      1722
      1778
      1674
      1763
      1769
      1802
      1739
      1833
      1807
      1825
      1725
      1768
      1733
      1659
      1730
      1782
      1723
      1750
      1746
      1757
      1770
      1710
      1711
      1704
      1665
      1754
      1676
      1683
      1726
      1676
      1670
      1726
      1748
      1691
      1686
      1663
      1703
      1710
      1735
      1691
      1671
      1699
      1654
      1705
      1662
      1663
      1658
      1647
      1654
      1685
      1659
      1570
      1623
      1603
      1659
      1550
      1672
      1606
      1552
      1615
      1677
      1673
      1581
      1557
      1614
      1653
      1587
      1555
      1590
      1547
      1600
      1571
      1692
      1548
      1549
      1567
      1556
      1563
      1546
      1588
      1563
      1607
      1522
      1480
      1544
      1545
      1555
      1571
      1536
      1504
      1523
      1572
      1495
      1531
      1527
      1467
      1476
      1598
      1511
      1509
      1458
      1534
      1525
      1502
      1517
      1440
      1459
      1519
      1466
      1508
      1490
      1397
      1491
      1437
      1452
      1491
      1481
      1420
      1474
      1489
      1485
      1456
      1396
      1499
      1473
      1429
      1453
      1465
      1426
      1481
      1450
      1456
      1444
      1402
      1495
      1434
      1388
      1481
      1412
      1516
      1406
      1481
      1481
      1373
      1415
      1464
      1510
      1432
      1454
      1421
      1390
      1454
      1455
      1430
      1438
      1500
      1398
      1464
      1401
      1407
      1410
      1514
      1422
      1453
      1390
      1407
      1379
      1395
      1383
      1380
      1394
      1419
      1404
      1396
      1442
      1376
      1413
      1397
      1399
      1406
      1367
      1433
      1434
      1397
      1423
      1311
      1355
      1384
      1344
      1434
      1379
      1422
      1374
      1393
      1407
      1330
      1344
      1359
      1445
      1354
      1364
      1340
      1395
      1338
      1370
      1337
      1332
      1416
      1366
      1386
      1309
      1434
      1311
      1317
      1355
      1338
      1324
      1406
      1316
      1364
      1370
      1367
      1326
      1362
      1291
      1277
      1326
      1349
      1347
      1306
      1286
      1346
      1316
      1268
      1371
      1321
      1289
      1306
      1306
      1332
      1314
      1354
      1335
      1341
      1320
      1317
      1363
      1346
      1262
      1359
      1371
      1302
      1317
      1243
      1265
      1314
      1312
      1261
      1278
      1321
      1294
      1313
      1362
      1335
      1356
      1271
      1275
      1346
      1295
      1325
      1313
      1321
      1301
      1376
      1263
      1249
      1268
      1315
      1298
      1341
      1328
      1346
      1293
      1340
      1321
      1358
      1316
      1317
      1333
      1402
      1322
      1287
      1296
      1338
      1336
      1323
      1303
      1348
      1258
      1280
      1295
      1368
      1301
      1308
      1309
      1308
      1306
      1293
      1310
      1324
      1398
      1268
      1327
      1356
      1294
      1354
      1367
      1323
      1311
      1340
      1347
      1292
      1295
      1346
      1338
      1321
      1312
      1359
      1319
      1385
      1292
      1295
      1332
      1316
      1327
      1259
      1292
      1277
      1271
      1299
      1270
      1352
      1298
      1331
      1277
      1294
      1330
      1243
      1307
      1326
      1352
      1286
      1341
      1314
      1343
      1316
      1284
      1336
      1280
      1264
      1400
      1330
      1385
      1292
      1319
      1303
      1282
      1302
      1312
      1317
      1285
      1272
      1354
      1357
      1344
      1313
      1302
      1348
      1346
      1364
      1297
      1320
      1353
      1366
      1368
      1327
      1366
      1295
      1236
      1337
      1331
      1233
      1315
      1328
      1367
      1304
      1357
      1329
      1294
      1317
      1340
      1286
      1345
      1312
      1349
      1353
      1388
      1338
      1274
      1314
      1358
      1306
      1304
      1269
      1349
      1381
      1347
      1353
      1314
      1317
      1304
      1381
      1278
      1426
      1326
      1309
      1307
      1330
      1282
      1345
      1342
      1342
      1388
      1419
      1310
      1338
      1339
      1380
      1313
      1372
      1324
      1329
      1291
      1297
      1335
      1290
      1399
      1383
      1286
      1378
      1324
      1341
      1311
      1378
      1431
      1400
      1402
      1405
      1352
      1381
      1380
      1414
      1407
      1361
      1366
      1312
      1420
      1318
      1407
      1408
      1374
      1349
      1334
      1430
      1390
      1339
      1401
      1339
      1337
      1436
      1443
      1374
      1352
      1356
      1319
      1402
      1358
      1464
      1367
      1386
      1294
      1375
      1458
      1426
      1378
      1352
      1407
      1399
      1405
      1408
      1359
      1429
      1387
      1363
      1326
      1447
      1395
      1334
      1356
      1397
      1374
      1371
      1301
      1339
      1319
      1314
      1356
      1390
      1356
      1351
      1360
      1364
      1368
      1353
      1383
      1412
      1392
      1472
      1412
      1379
      1383
      1351
      1351
      1415
      1381
      1466
      1379
      1366
      1422
      1399
      1307
      1402
      1435
      1369
      1345
      1405
      1444
      1405
      1444
      1415
      1494
      1428
      1440
      1483
      1397
      1450
      1478
      1470
      1446
      1418
      1348
      1414
      1488
      1493
      1479
      1403
      1439
      1440
      1478
      1482
      1408
      1377
      1476
      1492
      1484
      1404
      1461
      1460
      1416
      1455
      1437
      1459
      1429
      1380
      1435
      1393
      1423
      1473
      1357
      1335
      1375
      1474
      1410
      1398
      1419
      1269
      1381
      1316
      1374
      1421
      1326
      1431
      1342
      1263
      1271
      1234
      1308
      1282
      1273
      1210
      1203
      1266
      1246
      1218
      1208
      1177
      1197
      1261
      1180
      1186
      1190
      1129
      1122
      1151
      1181
      1091
      1118
      1116
      1203
      1163
      1116
      1008
      1106
      1070
      1054
      1048
      1049
      1060
      1027
      1050
       998
      1078
      1027
       958
      1016
      1027
      1044
       999
       956
       996
      1043
       952
       962
      1018
      1037
       991
      1012
       975
       974
       997
       944
       961
       938
       984
       962
       901
       942
       949
      1005
       943
       937
       909
       988
       936
       919
       914
       937
       921
       947
       954
       896
       935
      1023
       906
       908
       937
       872
       905
       929
       927
       927
       969
       896
       927
       927
       932
       929
       873
       905
       871
       874
       882
       947
       899
       930
       918
       902
       881
       879
       866
       915
       926
       876
       888
       913
       944
       857
       923
       924
       881
       923
       870
       911
       847
       846
       878
       860
       895
       838
       890
       860
       918
       858
       862
       897
       875
       822
       847
       885
       835
       867
       857
       843
       886
       866
       904
       909
       885
       858
       904
       890
       902
       881
       958
       885
       973
       966
      1016
      1056
      1079
      1033
      1062
      1108
      1145
      1186
      1193
      1246
      1313
      1287
      1364
      1389
      1469
      1602
      1538
      1557
      1659
      1786
      1802
      1873
      2034
      2014
      2122
      2195
      2352
      2332
      2432
      2580
      2679
      2707
      2873
      2896
      3117
      3147
      3258
      3271
      3428
      3566
      3655
      3707
      3754
      3955
      4155
      4064
      4148
      4300
      4356
      4342
      4347
      4449
      4602
      4624
      4700
      4788
      4850
      4929
      5019
      4966
      4866
      4944
      4812
      4816
      4783
      4999
      4993
      4667
      4805
      4929
      4692
      4601
      4672
      4447
      4520
      4502
      4289
      4166
      4176
      4128
      3977
      3973
      3715
      3666
      3694
      3527
      3312
      3223
      2996
      2993
      2827
      2838
      2704
      2557
      2483
      2429
      2333
      2248
      2124
      1966
      1912
      1851
      1722
      1647
      1491
      1437
      1394
      1368
      1265
      1163
      1113
       997
       974
       869
       882
       758
       698
       690
       606
       639
       616
       528
       553
       514
       480
       432
       452
       409
       382
       338
       334
       340
       296
       292
       289
       283
       254
       270
       269
       283
       255
       262
       275
       268
       239
       251
       255
       292
       270
       312
       308
       329
       328
       413
       365
       409
       398
       453
       458
       527
       496
       498
       583
       620
       621
       691
       669
       808
       776
       824
       885
       950
      1021
      1048
      1157
      1105
      1165
      1266
      1368
      1399
      1457
      1576
      1556
      1694
      1761
      1815
      1920
      2036
      2159
      2097
      2234
      2327
      2395
      2465
      2580
      2585
      2699
      2754
      2815
      2926
      3037
      3054
      3233
      3331
      3348
      3369
      3425
      3454
      3569
      3572
      3697
      3709
      3794
      3729
      3894
      3823
      3989
      3821
      3911
      3896
      4015
      3896
      3952
      4038
      3922
      3984
      3894
      3911
      3857
      3865
      3781
      3757
      3695
      3628
      3594
      3543
      3571
      3467
      3294
      3309
      3268
      3242
      3045
      3087
      2978
      2939
      2820
      2680
      2655
      2609
      2533
      2371
      2313
      2253
      2114
      2024
      1975
      1931
      1836
      1777
      1706
      1581
      1471
      1442
      1344
      1306
      1221
      1176
      1081
      1058
       963
       891
       865
       855
       772
       706
       692
       622
       631
       592
       489
       496
       429
       415
       415
       336
       339
       273
       286
       269
       220
       241
       227
       198
       193
       168
       148
       135
       124
       134
       114
        95
        96
        95
        68
        63
        63
        61
        68
        53
        35
        39
        24
        33
        23
        22
        30
        20
        20
        16
        15
        18
         7
        16
        10
        10
         6
        12
        10
         9
         9
         7
        10
         6
         7
         8
         6
         3
         9
         7
         8
         4
        10
         4
         4
         3
         4
         4
         2
         1
         3
         4
         3
         3
         0
         3
         3
         7
         3
         4
         5
         7
         6
         8
         3
         3
         3
         5
         1
         7
         2
         4
         0
         5
         4
         3
         7
         6
         4
         4
         2
         7
         2
         7
         2
         4
         5
         1
         2
         1
         4
         4
         3
         6
         1
         3
         2
         2
         8
         4
         3
         3
         2
         6
         2
         5
         4
         3
         4
         4
         3
         5
         7
         4
         3
         7
         5
         9
         3
         6
         3
         9
         4
         4
         5
         3
         7
         6
         2
         5
         7
         5
         4
         5
         9
         3
         6
         2
         3
         4
         6
         7
         1
         6
         7
         3
         2
         3
         2
         3
         4
         3
         2
         4
         4
         6
         5
         5
         5
         4
         7
         7
         4
         3
         4
         0
         3
         4
         6
         6
         7
         4
         3
         5
         2
         4
         8
         6
         4
         4
         5
         1
         8
        10
         6
         5
         9
         4
         5
         5
         6
         6
         5
         3
         4
         4
         5
         4
         6
         8
         3
         9
         6
         4
         5
         5
         5
         5
         5
         8
         4
         5
         5
         8
         9
         4
         9
         9
         6
         6
        10
         4
         6
         6
         7
         4
         7
         6
         4
         6
         3
         6
         3
         7
         7
         4
         6
         8
         2
         2
         5
         5
         3
         4
         4
         9
         4
         4
         6
         7
         5
         6
         7
         7
         6
         5
         1
         6
         5
        10
         7
         7
         4
         5
         5
         7
         8
         4
         5
        10
         4
        10
         7
         2
         3
         7
         6
         0
         5
         6
         5
         8
         8
         3
         8
         4
         5
         3
         6
         5
         2
         4
         2
         4
         8
         3
         1
         5
         4
         1
         6
         3
         4
         2
         3
         4
         4
         4
         3
         6
         4
         2
         4
         4
         4
         5
         4
         1
         5
         3
         4
         1
         2
         2
         3
         3
         7
         4
         7
         3
         4
         6
         6
         4
         6
         2
         2
         2
         5
         9
         4
         5
         6
         3
         2
         5
         3
         5
         4
         8
         5
         2
         4
         5
         3
         2
         4
         3
         4
         6
         6
         1
         0
         3
         5
         2
         2
         1
         2
         6
         6
         4
         4
         2
         6
         7
         7
         4
         4
         8
         8
         2
         4
         3
         4
         2
         5
         6
         4
         4
         3
         2
         8
         4
         2
         5
         5
         4
         2
         2
         3
         1
         2
         5
         2
         7
         4
        10
         8
         3
         2
         7
         3
         6
         6
         2
         0
         3
         1
         4
         5
         6
         6
         3
         4
         2
         1
         2
         8
         5
         7
         4
         5
         6
         2
         5
        10
         2
         5
         5
         4
         8
         5
         9
         5
         4
         2
         1
         2
         4
         1
         3
         6
         4
         4
         3
         2
         1
         3
         5
         9
         5
         8
         5
         2
         5
         5
         4
         2
         4
         1
         6
         3
         2
         3
         3
         3
         4
         2
         3
         5
         3
         5
         3
         2
         2
         3
         2
         2
         3
         4
         4
         4
         2
         3
         4
         6
         2
         3
         3
         2
         1
         4
         3
         4
         2
         3
         5
         2
         1
         2
         1
         0
         0
         3
         1
         2
         5
         3
         3
         1
         1
         3
         3
         2
         2
         5
         0
         3
         3
         3
         1
         1
         1
         3
         2
         0
         4
         3
         1
         0
         5
         2
         1
         2
         5
         3
         4
         1
         5
         3
         2
         2
         1
         4
         2
         0
         1
         4
         2
         4
         4
         6
         5
         1
         6
         3
         2
         6
         5
         2
         3
         4
         0
         3
         1
         4
         4
         4
         2
         3
         3
         3
         1
         2
         5
         2
         1
         3
         4
         4
         6
         3
         4
         5
         4
         4
         1
         3
         3
         5
         4
         4
         3
         8
         3
         1
         3
         4
         4
         4
         1
         2
         3
         2
         3
         4
         2
         2
         1
         1
         2
         3
         3
         5
         1
         3
         1
         3
         2
         3
         2
         6
         1
         3
         3
         4
         2
         5
         2
         3
         4
         1
         2
         5
         7
         3
         2
         5
         2
         4
         4
         2
         0
         1
         2
         1
         2
         2
         2
         3
         3
         2
         2
         2
         1
         2
         4
         3
         2
         3
         3
         0
         2
         2
         3
         0
         2
         4
         4
         3
         2
         1
         0
         3
         2
         1
         4
         2
         3
         4
         4
         1
         2
         5
         1
         2
         4
         7
         5
         4
         0
         1
         3
         2
         1
         1
         3
         3
         2
         4
         3
         3
         1
         3
         4
         1
         4
         3
         2
         0
         2
         2
         3
         3
         2
         1
         4
         3
         0
         4
         3
         3
         3
         1
         2
         1
         3
         2
         2
         2
         2
         0
         5
         5
         1
         4
         2
         3
         2
         3
         2
         2
         5
         4
         0
         3
         1
         0
         4
         3
         2
         4
         2
         4
         2
         1
         2
         1
         2
         2
         1
         2
         2
         2
         2
         2
         3
         3
         2
         1
         2
         5
         2
         2
         2
         3
         2
         3
         5
         4
         4
         2
         2
         1
         0
         4
         0
         0
         5
         3
         1
         1
         2
         2
         0
         0
         1
         5
         3
         5
         2
         0
         5
         3
         1
         6
         1
         2
         3
         4
         3
         4
         1
         0
         3
         2
         2
         0
         3
         0
         1
         1
         2
         3
         1
         1
         3
         3
         4
         3
         3
         3
         2
         3
         1
         0
         3
         2
         1
         3
         1
         2
         1
         0
         0
         1
         0
         3
         1
         1
         2
         2
         3
         0
         2
         2
         0
         1
         0
         2
         1
         1
         0
         1
         0
         0
         2
         1
         1
         0
         0
         3
         1
         1
         4
         1
         0
         2
         1
         1
         1
         2
         0
         1
         1
         1
         2
         2
         1
         1
         2
         0
         0
         0
         1
         2
         3
         0
         2
         1
         2
         1
         1
         1
         1
         0
         3
         1
         1
         4
         1
         1
         4
         1
         2
         0
         1
         3
         1
         0
         1
         3
         0
         1
         0
         1
         1
         4
         3
         3
         2
         1
         1
         0
         1
         1
         2
         0
         1
         1
         0
         0
         4
         1
         1
         0
         0
         1
         3
         1
         2
         0
         2
         2
         1
         1
         2
         2
         1
         1
         1
         1
         1
         1
         2
         0
         0
         2
         1
         0
         0
         2
         1
         1
         2
         1
         1
         2
         1
         1
         0
         2
         1
         1
         0
         1
         4
         2
         1
         1
         2
         1
         1
         1
         1
         1
         0
         4
         1
         2
         2
         2
         4
         0
         1
         1
         1
         0
         3
         2
         2
         0
         3
         5
         0
         4
         0
         4
         1
         2
         1
         5
         1
         1
         2
         1
         3
         2
         2
         1
         5
         4
         8
         5
         1
         5
         3
         5
         2
         5
         1
         2
         3
         1
         3
         5
         5
         2
         3
         4
         4
         2
         4
         5
         2
         2
         5
         3
         3
         4
         3
         1
         5
         2
         0
         5
         4
         4
         4
         2
         3
         4
         3
         1
         3
         4
         1
         3
         0
         2
         4
         4
         8
         2
         4
         4
         2
         4
         4
         6
         2
         6
         4
         5
         1
         2
         2
         0
         6
         3
         4
         5
         1
         3
         1
         1
         1
         2
         1
         4
         0
         0
         2
         2
         0
         2
         2
         2
         2
         3
         2
         4
         3
         4
         0
         1
         1
         3
         0
         1
         3
         3
         0
         0
         1
         1
         1
         1
         0
         1
         5
         1
         1
         1
         1
         0
         1
         1
         1
         1
         1
         0
         3
         0
         2
         1
         1
         0
         1
         1
         1
         1
         2
         0
         0
         0
         0
         0
         3
         0
         1
         1
         0
         0
         0
         0
         0
         0
         0
         0
         1
         0
         0
         0
         0
         1
         0
         1
         0
         0
         1
         0
         0
         0
         0
         0
         0
         0
         0
         0
         0
         0
         1
         0
         0
         0
         0
         0
         0
         0
         0
         0
         0
         0
         0
         0
         0
         0
         0
         0
         0
         0
         0
         0
         0
         0
         0
         0
         0
         0
         0
         0
         0
         0
         0
         0
         0
         0
         0
         0
         0
         0
         0
         0
         0
         0
         0
         0
         0
         0
         0
         0
         0
         0
         0
         0
         0
         0
         0
         0
         0
         0
         0
         0
         0
         0
         0
         0
         0
         0
         0
         0
         0
         0
         0
         0
         0
         0
         0
         0
         0
         0
         0
         0
         0
         0
         0
         0
         0
         0
         0
         0
         0
         0
         0
         0
         0
         0
         0
         0
         0
         0
         0
         0
         0
         0
         0
         0
         0
         0
         0
         0
         0
         0
         0
         0
         0
         0
         0
         0
         0
         0
         0
         0
         0
         0
         0
         0
         0
         0
         0
         0
         0
         0
         0
         0
         0
         0
         0
         0
         0
         0
         0
         0
         0
         0
         0
         0
         0
         0
         0
         0
         0
         0
         0
         0
         0
         0
         0
         0
         0
         0
         0
         0
         0
         0
         0
         0
         0
         0
         0
         0
         0
         0
         0
         0
         0
         0
         0
         0
         0
         0
         0
         0
         0
         0
         0
         0
         0
         0
         0
         0
         0
         0
         0
         0
         0
         0
         0
         0
         0
         0
         0
         0
         0
         0
         0
         0
         0
         0
         0
         0
         0
         0
         0
         0
         0
         0
         0
         0
         0
         0
         0
         0
         0
         0
         0
         0
         0
         0
         0
         0
         0
         0
         0
         0
         0
         0
         0
         0
         0
         0
         0
         0
         0
         0
         0
         0
         0
         0
         0
         0
         0
         0
         0
         0
         0
         0
         0
         0
         0
         0
         0
         0
         0
         0
         0
         0
         0
         0
         0
         0
         0
         0
         0
         0
         0
         0
         0
         0
         0
         0
         0
         0
         0
         0
         0
         0
         0
         0
         0
         0
         0
         0
         0
         0
         0
         0
         0
         0
         0
         0
         0
         0
         0
         0
         0
         0
         0
         0
         0
         0
         0
         0
         0
         0
         0
         0
         0
         0
         0
         0
         0
         0
         0
         0
         0
         0
         0
         0
         0
         0
         0
         0
         0
         0
         0
         0
         0
         0
         0
         0
         0
         0
         0
         0
         0
         0
         0
         0
         0
         0
         0
         0
         0
         0
         0
         0
         0
         0
         0
         0
         0
         0
         0
         0
         0
         0
         0
         0
         0
         0
         0
         0
         0
         0
         0
         0
