         0
         0
         0
         0
         0
         0
         0
         0
         0
         0
      1215
      1138
      1101
      1146
      1135
      1230
      1170
      1190
      1141
      1234
      1234
      1210
      1357
      1315
      1326
      1267
      1245
      1285
      1344
      1321
      1294
      1300
      1330
      1340
      1349
      1250
      1333
      1310
      1280
      1329
      1264
      1289
      1299
      1293
      1324
      1277
      1347
      1301
      1387
      1274
      1298
      1305
      1292
      1237
      1285
      1249
      1265
      1230
      1212
      1270
      1260
      1257
      1284
      1309
      1257
      1347
      1337
      1335
      1336
      1343
      1323
      1325
      1330
      1311
      1302
      1366
      1359
      1291
      1293
      1356
      1448
      1419
      1409
      1459
      1439
      1429
      1431
      1497
      1529
      1554
      1619
      1568
      1561
      1652
      1611
      1672
      1656
      1709
      1644
      1738
      1818
      1802
      1805
      1783
      1857
      1863
      1893
      1934
      1860
      1933
      1929
      1918
      1981
      1909
      1948
      2064
      1998
      2075
      2065
      2070
      2086
      2168
      2142
      2172
      2242
      2206
      2199
      2215
      2316
      2234
      2262
      2303
      2401
      2256
      2425
      2478
      2369
      2371
      2388
      2495
      2368
      2432
      2479
      2430
      2399
      2563
      2510
      2487
      2433
      2438
      2394
      2544
      2385
      2511
      2499
      2486
      2543
      2460
      2537
      2441
      2574
      2457
      2551
      2482
      2537
      2497
      2514
      2585
      2527
      2546
      2564
      2607
      2581
      2498
      2574
      2572
      2544
      2490
      2489
      2589
      2567
      2562
      2584
      2510
      2654
      2583
      2620
      2633
      2543
      2671
      2620
      2627
      2753
      2653
      2545
      2597
      2612
      2705
      2629
      2766
      2690
      2561
      2636
      2719
      2831
      2761
      2846
      2773
      2842
      2834
      2852
      2899
      2857
      2901
      2985
      2891
      2943
      2982
      3093
      2965
      2985
      2964
      3008
      2964
      3040
      2908
      3077
      2907
      3018
      2986
      2978
      3000
      3013
      2908
      2841
      2864
      2790
      2858
      2927
      2865
      2930
      2961
      2883
      2782
      2804
      2792
      2935
      2710
      2719
      2776
      2745
      2788
      2712
      2754
      2679
      2712
      2587
      2647
      2682
      2671
      2684
      2625
      2637
      2621
      2577
      2623
      2665
      2655
      2634
      2701
      2584
      2602
      2645
      2531
      2683
      2629
      2579
      2514
      2510
      2622
      2635
      2535
      2454
      2495
      2453
      2470
      2526
      2423
      2458
      2464
      2420
      2433
      2383
      2318
      2310
      2409
      2387
      2460
      2348
      2414
      2393
      2372
      2346
      2272
      2318
      2325
      2386
      2276
      2318
      2384
      2312
      2284
      2290
      2280
      2281
      2224
      2240
      2295
      2162
      2257
      2192
      2185
      2167
      2202
      2160
      2239
      2173
      2169
      2153
      2121
      2098
      2156
      2026
      2048
      2058
      2144
      2287
      2077
      2090
      2023
      2092
      1955
      2010
      2049
      2117
      2004
      2027
      2077
      2005
      2064
      2012
      2020
      1960
      1942
      2017
      1907
      2003
      2039
      2048
      1921
      2031
      1949
      2056
      2028
      2039
      2027
      1957
      1938
      1890
      1911
      1919
      1915
      1921
      1917
      1866
      1974
      1990
      1843
      1885
      1915
      1912
      1882
      1813
      1852
      1811
      1883
      1848
      1914
      1910
      1883
      1829
      1774
      1878
      1809
      1819
      1753
      1755
      1770
      1813
      1882
      1782
      1783
      1826
      1726
      1777
      1762
      1781
      1690
      1722
      1811
      1731
      1723
      1725
      1781
      1737
      1747
      1729
      1790
      1745
      1680
      1738
      1731
      1744
      1719
      1681
      1725
      1685
      1687
      1742
      1722
      1707
      1762
      1672
      1566
      1689
      1678
      1616
      1705
      1674
      1592
      1625
      1663
      1718
      1606
      1582
      1556
      1572
      1627
      1630
      1607
      1598
      1651
      1615
      1559
      1640
      1630
      1586
      1552
      1612
      1615
      1606
      1508
      1604
      1639
      1644
      1572
      1606
      1490
      1601
      1619
      1589
      1562
      1621
      1651
      1624
      1579
      1606
      1617
      1597
      1587
      1573
      1548
      1603
      1616
      1540
      1495
      1471
      1554
      1533
      1478
      1502
      1538
      1563
      1530
      1517
      1524
      1530
      1614
      1509
      1554
      1474
      1529
      1549
      1487
      1552
      1545
      1651
      1525
      1590
      1526
      1589
      1542
      1533
      1567
      1509
      1593
      1540
      1507
      1629
      1572
      1463
      1494
      1470
      1463
      1557
      1401
      1467
      1493
      1429
      1458
      1505
      1509
      1474
      1485
      1440
      1450
      1481
      1467
      1464
      1414
      1520
      1463
      1437
      1431
      1489
      1470
      1453
      1482
      1487
      1484
      1405
      1454
      1382
      1474
      1446
      1349
      1377
      1501
      1468
      1401
      1455
      1420
      1430
      1461
      1420
      1414
      1485
      1398
      1414
      1399
      1428
      1476
      1426
      1445
      1434
      1401
      1365
      1322
      1444
      1476
      1372
      1460
      1420
      1393
      1399
      1408
      1470
      1430
      1328
      1395
      1323
      1369
      1387
      1355
      1333
      1335
      1330
      1346
      1372
      1370
      1399
      1416
      1346
      1404
      1357
      1333
      1362
      1300
      1364
      1323
      1340
      1297
      1346
      1383
      1316
      1335
      1383
      1302
      1377
      1296
      1353
      1306
      1276
      1284
      1318
      1355
      1303
      1363
      1320
      1392
      1324
      1368
      1412
      1349
      1324
      1326
      1301
      1277
      1336
      1310
      1247
      1317
      1349
      1352
      1337
      1264
      1313
      1368
      1314
      1305
      1296
      1312
      1298
      1385
      1317
      1283
      1275
      1305
      1325
      1323
      1261
      1325
      1244
      1219
      1315
      1286
      1286
      1248
      1275
      1279
      1294
      1347
      1278
      1274
      1267
      1366
      1329
      1269
      1316
      1288
      1301
      1229
      1334
      1313
      1287
      1278
      1301
      1299
      1310
      1304
      1269
      1219
      1244
      1250
      1302
      1273
      1257
      1309
      1224
      1279
      1300
      1219
      1391
      1275
      1289
      1236
      1347
      1336
      1298
      1237
      1243
      1315
      1248
      1231
      1292
      1295
      1280
      1234
      1299
      1235
      1344
      1317
      1246
      1230
      1275
      1254
      1283
      1275
      1291
      1271
      1282
      1245
      1343
      1297
      1300
      1215
      1271
      1257
      1277
      1249
      1207
      1282
      1293
      1243
      1299
      1253
      1240
      1258
      1272
      1259
      1280
      1233
      1303
      1263
      1140
      1244
      1276
      1234
      1276
      1208
      1239
      1222
      1214
      1232
      1200
      1238
      1203
      1166
      1241
      1184
      1202
      1267
      1253
      1272
      1285
      1256
      1236
      1194
      1277
      1263
      1254
      1250
      1192
      1276
      1254
      1223
      1329
      1271
      1222
      1192
      1242
      1279
      1276
      1228
      1217
      1289
      1257
      1197
      1279
      1250
      1283
      1276
      1202
      1209
      1245
      1274
      1273
      1226
      1256
      1297
      1274
      1285
      1250
      1340
      1215
      1276
      1289
      1240
      1330
      1305
      1270
      1273
      1250
      1226
      1268
      1223
      1274
      1309
      1251
      1269
      1316
      1240
      1216
      1254
      1280
      1237
      1242
      1272
      1288
      1283
      1210
      1255
      1233
      1276
      1232
      1313
      1255
      1331
      1256
      1306
      1316
      1255
      1286
      1294
      1321
      1290
      1252
      1210
      1297
      1271
      1283
      1285
      1298
      1300
      1292
      1343
      1296
      1306
      1313
      1264
      1329
      1324
      1291
      1300
      1321
      1272
      1258
      1279
      1238
      1255
      1307
      1311
      1296
      1248
      1316
      1329
      1234
      1334
      1282
      1311
      1275
      1298
      1279
      1290
      1302
      1295
      1361
      1272
      1318
      1319
      1248
      1307
      1311
      1280
      1251
      1340
      1351
      1273
      1277
      1291
      1275
      1303
      1265
      1310
      1284
      1363
      1311
      1335
      1311
      1274
      1358
      1302
      1298
      1332
      1255
      1343
      1332
      1264
      1302
      1285
      1241
      1302
      1280
      1269
      1303
      1343
      1308
      1265
      1287
      1270
      1251
      1278
      1298
      1289
      1225
      1261
      1195
      1269
      1226
      1130
      1230
      1201
      1152
      1200
      1160
      1208
      1206
      1220
      1188
      1151
      1110
      1185
      1178
      1113
      1136
      1101
      1092
      1075
      1092
      1016
      1045
      1089
      1038
      1039
       988
      1043
      1022
      1078
      1000
      1032
      1070
      1010
       986
      1003
       992
       975
       961
       967
       939
       938
       936
       957
       961
       965
       944
       927
       885
       945
       894
       923
       929
       871
       917
       893
       914
       907
       897
       913
       886
       867
       851
       907
       845
       873
       940
       895
       909
       865
       913
       860
       873
       903
       948
       874
       860
       865
       921
       879
       868
       887
       869
       853
       787
       911
       886
       836
       939
       883
       936
       875
       882
       868
       863
       851
       775
       848
       847
       914
       836
       893
       861
       843
       866
       876
       803
       840
       852
       880
       894
       832
       832
       887
       808
       816
       824
       859
       895
       824
       893
       815
       841
       822
       877
       862
       891
       853
       786
       851
       821
       769
       807
       845
       828
       848
       758
       817
       816
       830
       826
       793
       819
       793
       827
       819
       812
       799
       855
       810
       786
       846
       840
       809
       786
       859
       856
       818
       873
       837
       913
       904
       924
       889
       971
       933
       956
      1021
       945
       953
      1045
      1064
      1199
      1105
      1152
      1236
      1272
      1252
      1389
      1435
      1467
      1480
      1524
      1628
      1701
      1780
      1794
      1774
      1982
      1963
      2057
      2077
      2277
      2365
      2360
      2326
      2559
      2666
      2650
      2713
      2771
      3067
      2953
      3104
      3096
      3193
      3245
      3276
      3340
      3457
      3508
      3501
      3665
      3619
      3654
      3821
      3715
      3943
      3950
      3927
      3978
      4039
      3871
      3954
      3839
      3866
      4050
      3962
      3918
      3867
      4031
      3833
      3753
      3646
      3801
      3732
      3570
      3509
      3518
      3368
      3318
      3308
      3147
      3199
      3009
      2999
      2912
      2767
      2684
      2701
      2566
      2418
      2396
      2259
      2077
      2051
      1976
      1976
      1872
      1876
      1713
      1607
      1578
      1509
      1384
      1354
      1352
      1184
      1136
      1117
      1007
       990
       897
       863
       814
       760
       759
       697
       644
       622
       595
       491
       513
       415
       443
       402
       413
       385
       367
       369
       344
       352
       345
       293
       311
       289
       249
       274
       268
       248
       254
       271
       238
       238
       246
       263
       250
       261
       275
       280
       246
       278
       303
       298
       300
       329
       336
       352
       358
       397
       397
       417
       470
       456
       514
       530
       528
       590
       596
       680
       704
       670
       738
       710
       827
       879
       943
       930
       972
      1066
      1152
      1121
      1283
      1202
      1349
      1360
      1362
      1478
      1610
      1624
      1735
      1750
      1828
      1871
      2064
      1976
      2114
      2110
      2191
      2358
      2310
      2429
      2536
      2631
      2689
      2575
      2672
      2741
      2813
      2955
      2987
      2920
      2957
      3156
      3089
      3040
      3227
      3127
      3168
      3172
      3178
      3239
      3292
      3162
      3297
      3272
      3266
      3328
      3208
      3213
      3176
      3125
      3096
      3163
      3058
      2953
      3021
      2987
      2853
      2856
      2695
      2657
      2730
      2608
      2507
      2516
      2393
      2378
      2300
      2231
      2217
      2004
      2067
      1942
      1856
      1842
      1787
      1686
      1673
      1535
      1467
      1417
      1345
      1246
      1191
      1239
      1162
      1062
      1022
       967
       922
       826
       844
       742
       716
       697
       626
       583
       568
       511
       505
       431
       389
       394
       372
       362
       324
       280
       287
       225
       218
       197
       203
       204
       161
       159
       163
       128
       105
       107
        81
       101
        82
        90
        89
        73
        64
        62
        55
        54
        31
        36
        33
        31
        17
        26
        22
        20
        25
        15
        17
        16
        20
        15
         6
        10
        13
        14
        13
         9
         9
         4
         4
         3
         7
         6
         5
         5
         2
         5
         7
        11
         9
         4
         3
         8
         3
         5
         6
         4
         7
         8
         3
         6
         7
         5
         2
         4
         7
         8
         7
         4
         6
         2
         3
         5
         7
         5
         3
         5
         2
         6
         1
         6
         3
         6
         2
        10
         2
         4
         7
         6
         4
         1
         2
         3
         4
         2
         3
         8
         5
         7
         8
        11
         4
         3
         4
         2
         2
         4
         6
         6
        11
         7
        10
         7
         3
         5
         9
        11
         5
         5
         7
         7
         5
         4
         4
         9
         6
         5
         7
         3
         3
         2
         4
         3
         9
         7
         7
         5
         5
         3
         6
         3
         5
         7
         7
         6
         5
         6
         4
         4
         4
         2
         3
         6
         7
         3
         3
         6
         4
         4
         4
         4
         5
         2
         4
         8
         3
         6
         1
         6
         3
         4
         6
         3
         6
         6
         7
         5
         8
         7
         7
         1
         8
         4
         5
         2
         9
         5
         5
         4
         4
         2
         3
         7
         5
         1
         6
         3
         4
         2
         2
         7
         2
         3
         5
         7
         4
         4
         2
         6
         3
         3
         1
         2
         3
         4
         5
         5
         8
         4
         8
         5
         4
         2
         3
         3
         3
         7
         3
         4
         4
         2
         3
         1
         2
         6
         1
         4
         4
         6
         2
         2
         3
         3
         4
         2
         3
         3
        10
         1
         4
         3
         3
         7
         7
         3
         3
         4
         2
         3
         2
         6
         2
         2
         3
         3
         6
         9
         2
         2
         5
         2
         2
         3
         4
         4
         6
         1
         2
         5
         1
         7
         4
         3
         3
         2
         5
         1
         4
         0
         3
         3
         1
         6
         2
         0
         2
         0
         2
         2
         5
         6
         2
         2
         4
         1
         2
         1
         3
         0
         7
         3
         5
         3
         1
         3
         2
         2
         0
         2
         3
         2
         3
         5
         1
         3
         2
         3
         5
         2
         2
         1
         3
         1
         2
         3
         2
         2
         5
         3
         7
         4
         2
         0
         4
         2
         0
         4
         7
         0
         7
         1
         5
         3
         3
         2
         8
         3
         2
         4
         4
         2
         3
         7
         2
         4
         4
         4
         4
         5
         1
         6
         3
         4
         2
         4
         5
         2
         3
         8
         2
         6
         2
         3
         3
         1
         2
         3
         2
         3
         3
         3
         3
         4
         4
         5
         6
         3
         1
         3
         3
         3
         4
         3
         3
         2
         3
         3
         3
         3
         4
         0
         3
         2
         3
         5
         5
         2
         2
         4
         2
         2
         4
         0
         6
         4
         0
         2
         4
         5
         2
         3
         0
         2
         4
         2
         1
         5
         3
         6
         4
         2
         4
         7
         3
         3
         6
         3
         5
         1
         0
         4
         5
         5
         4
         2
         6
         1
         2
         3
         6
         5
         8
         3
         4
         2
         1
         2
         3
         2
         4
         1
         1
         3
         5
         1
         4
         1
         1
         3
         4
         4
         1
         3
         4
         2
         1
         2
         5
         5
         2
         8
         4
         1
         2
         3
         2
         5
         6
         1
         3
         5
         4
         1
         2
         3
         5
         3
         2
         4
         3
         1
         3
         2
         2
         2
         6
         0
         3
         1
         2
         0
         2
         6
         3
         0
         3
         1
         2
         2
         1
         1
         5
         4
         3
         0
         7
         3
         2
         1
         2
         3
         1
         0
         3
         3
         2
         4
         1
         4
         1
         1
         1
         2
         2
         1
         2
         2
         0
         3
         1
         0
         3
         3
         7
         2
         2
         0
         0
         2
         3
         5
         3
         1
         3
         2
         2
         0
         1
         2
         1
         2
         3
         3
         4
         1
         3
         0
         1
         2
         1
         5
         0
         3
         1
         1
         3
         1
         1
         2
         3
         4
         0
         1
         3
         0
         1
         4
         1
         2
         2
         4
         1
         2
         1
         3
         3
         2
         1
         1
         1
         1
         1
         1
         0
         1
         2
         6
         4
         6
         3
         2
         2
         2
         4
         2
         5
         4
         2
         2
         1
         3
         8
         0
         4
         5
         1
         4
         5
         3
         3
         2
         4
         0
         4
         0
         2
         3
         5
         3
         2
         3
         3
         2
         4
         1
         3
         1
         3
         1
         1
         2
         2
         4
         3
         2
         5
         2
         3
         1
         3
         3
         0
         1
         5
         2
         3
         1
         2
         1
         4
         1
         3
         2
         1
         2
         5
         2
         3
         2
         4
         3
         5
         2
         2
         3
         1
         2
         3
         4
         1
         3
         1
         1
         1
         2
         3
         5
         1
         1
         0
         1
         3
         5
         1
         0
         3
         2
         2
         1
         1
         1
         3
         3
         1
         1
         3
         3
         4
         1
         2
         1
         3
         2
         2
         4
         3
         3
         3
         2
         2
         5
         2
         4
         1
         0
         3
         4
         3
         2
         2
         2
         1
         2
         0
         2
         1
         1
         4
         2
         0
         2
         1
         1
         1
         1
         2
         2
         2
         2
         1
         1
         1
         1
         2
         2
         2
         0
         3
         1
         2
         2
         1
         4
         0
         1
         2
         3
         2
         2
         1
         3
         1
         2
         3
         2
         0
         2
         2
         1
         1
         1
         1
         1
         2
         3
         3
         1
         5
         2
         5
         2
         3
         2
         2
         2
         3
         3
         4
         3
         1
         3
         5
         1
         2
         7
         0
         1
         1
         1
         1
         1
         2
         2
         2
         1
         1
         3
         0
         6
         2
         1
         0
         2
         0
         2
         1
         0
         4
         3
         0
         2
         4
         0
         2
         3
         2
         1
         9
         0
         0
         0
         2
         5
         3
         2
         3
         3
         1
         2
         1
         1
         0
         1
         1
         0
         2
         1
         1
         1
         2
         0
         0
         2
         0
         2
         1
         3
         1
         2
         2
         1
         0
         4
         0
         2
         0
         0
         2
         0
         0
         2
         2
         1
         0
         2
         0
         1
         0
         0
         1
         0
         1
         0
         0
         0
         1
         1
         1
         0
         1
         2
         0
         0
         0
         0
         2
         0
         1
         0
         1
         0
         0
         1
         0
         1
         0
         0
         0
         1
         0
         0
         1
         1
         0
         0
         1
         1
         0
         1
         0
         2
         1
         0
         1
         2
         0
         1
         1
         1
         1
         0
         1
         0
         1
         0
         0
         0
         1
         0
         0
         2
         0
         0
         0
         0
         1
         0
         1
         0
         0
         0
         0
         0
         1
         1
         2
         0
         1
         0
         1
         0
         0
         1
         0
         1
         0
         0
         1
         1
         0
         2
         0
         0
         0
         1
         0
         1
         0
         1
         0
         2
         2
         0
         0
         0
         0
         0
         0
         2
         1
         0
         0
         0
         2
         2
         1
         1
         0
         2
         1
         1
         0
         0
         2
         1
         1
         0
         3
         0
         1
         3
         3
         1
         1
         3
         3
         3
         2
         0
         3
         3
         2
         1
         3
         0
         1
         0
         2
         3
         3
         1
         1
         1
         2
         1
         2
         3
         1
         4
         0
         2
         0
         0
         2
         2
         3
         3
         3
         5
         1
         8
         1
         1
         3
         3
         2
         6
         2
         3
         3
         6
         2
         3
         2
         3
         0
         3
         2
         2
         4
         4
         0
         3
         1
         4
         3
         0
         1
         0
         1
         5
         2
         2
         0
         1
         2
         1
         1
         1
         3
         1
         0
         4
         0
         0
         1
         1
         0
         0
         5
         3
         3
         0
         3
         2
         2
         0
         1
         3
         2
         2
         1
         3
         1
         1
         1
         2
         1
         2
         0
         1
         2
         1
         0
         0
         1
         0
         0
         0
         2
         0
         0
         0
         0
         1
         0
         1
         2
         0
         1
         0
         0
         0
         0
         0
         0
         0
         0
         0
         0
         0
         0
         0
         0
         0
         0
         0
         0
         0
         0
         0
         0
         0
         0
         0
         0
         1
         0
         0
         1
         0
         0
         0
         0
         0
         0
         0
         0
         0
         0
         0
         0
         0
         0
         0
         0
         1
         0
         0
         0
         0
         0
         0
         0
         0
         0
         0
         0
         0
         0
         0
         0
         0
         0
         0
         0
         0
         0
         0
         0
         0
         0
         0
         0
         0
         0
         0
         0
         0
         0
         0
         0
         0
         0
         0
         0
         0
         0
         0
         0
         0
         0
         0
         0
         0
         0
         0
         0
         0
         0
         0
         0
         0
         0
         0
         0
         0
         0
         0
         0
         0
         0
         0
         0
         0
         0
         0
         0
         0
         0
         0
         0
         0
         0
         0
         0
         0
         0
         0
         0
         0
         0
         0
         0
         0
         0
         0
         0
         0
         0
         0
         0
         0
         0
         0
         0
         0
         0
         0
         0
         0
         0
         0
         0
         0
         0
         0
         0
         0
         0
         0
         0
         0
         0
         0
         0
         0
         0
         0
         0
         0
         0
         0
         0
         0
         0
         0
         0
         0
         0
         0
         0
         0
         0
         0
         0
         0
         0
         0
         0
         0
         0
         0
         0
         0
         0
         0
         0
         0
         0
         0
         0
         0
         0
         0
         0
         0
         0
         0
         0
         0
         0
         0
         0
         0
         0
         0
         0
         0
         0
         0
         0
         0
         0
         0
         0
         0
         0
         0
         0
         0
         0
         0
         0
         0
         0
         0
         0
         0
         0
         0
         0
         0
         0
         0
         0
         0
         0
         0
         0
         0
         0
         0
         0
         0
         0
         0
         0
         0
         0
         0
         0
         0
         0
         0
         0
         0
         0
         0
         0
         0
         0
         0
         0
         0
         0
         0
         0
         0
         0
         0
         0
         0
         0
         0
         0
         0
         0
         0
         0
         0
         0
         0
         0
         0
         0
         0
         0
         0
         0
         0
         0
         0
         0
         0
         0
         0
         0
         0
         0
         0
         0
         0
         0
         0
         0
         0
         0
         0
         0
         0
         0
         0
         0
         0
         0
         0
         0
         0
         0
         0
         0
         0
         0
         0
         0
         0
         0
         0
         0
         0
         0
         0
         0
         0
         0
         0
         0
         0
         0
         0
         0
         0
         0
         0
         0
         0
         0
         0
         0
         0
         0
         0
         0
         0
         0
         0
         0
         0
         0
         0
         0
         0
         0
         0
         0
         0
         0
         0
         0
         0
         0
         0
         0
         0
         0
         0
         0
         0
         0
         0
         0
         0
         0
         0
         0
         0
         0
         0
         0
         0
         0
         0
         0
         0
         0
         0
         0
         0
         0
         0
         0
         0
         0
         0
         0
         0
         0
