         0
         0
         0
         0
         0
         0
         0
         0
         0
         0
      1052
       992
      1108
      1100
      1182
      1140
      1157
      1051
      1126
      1076
      1058
      1090
      1058
      1140
      1079
      1141
      1213
      1234
      1203
      1283
      1139
      1209
      1243
      1196
      1199
      1229
      1196
      1166
      1205
      1210
      1194
      1199
      1163
      1161
      1146
      1168
      1139
      1121
      1091
      1053
      1059
      1171
      1081
      1154
      1160
      1170
      1194
      1203
      1248
      1266
      1211
      1249
      1249
      1158
      1259
      1202
      1163
      1186
      1218
      1153
      1131
      1190
      1222
      1203
      1263
      1269
      1192
      1169
      1111
      1168
      1187
      1120
      1205
      1197
      1229
      1209
      1192
      1188
      1195
      1184
      1225
      1248
      1277
      1219
      1229
      1251
      1224
      1252
      1261
      1216
      1146
      1285
      1251
      1287
      1281
      1298
      1284
      1192
      1262
      1245
      1205
      1234
      1256
      1275
      1264
      1262
      1291
      1248
      1296
      1252
      1318
      1372
      1320
      1302
      1272
      1283
      1217
      1245
      1322
      1316
      1317
      1314
      1335
      1278
      1249
      1313
      1360
      1333
      1316
      1326
      1343
      1289
      1283
      1299
      1313
      1310
      1409
      1296
      1285
      1300
      1312
      1236
      1288
      1283
      1250
      1305
      1289
      1224
      1164
      1258
      1182
      1248
      1269
      1184
      1192
      1267
      1196
      1226
      1316
      1248
      1293
      1249
      1264
      1255
      1293
      1247
      1268
      1304
      1259
      1290
      1257
      1292
      1313
      1340
      1217
      1267
      1289
      1293
      1310
      1280
      1289
      1309
      1305
      1426
      1415
      1381
      1369
      1319
      1329
      1378
      1459
      1459
      1476
      1453
      1460
      1576
      1551
      1556
      1556
      1540
      1609
      1678
      1710
      1678
      1721
      1787
      1721
      1674
      1715
      1743
      1889
      1776
      1907
      1758
      1872
      1899
      1879
      1832
      1801
      1763
      1794
      1783
      1842
      1779
      1861
      1774
      1811
      1784
      1830
      1788
      1726
      1788
      1802
      1835
      1746
      1811
      1836
      1738
      1815
      1753
      1658
      1841
      1723
      1718
      1710
      1698
      1701
      1788
      1747
      1736
      1699
      1699
      1655
      1741
      1697
      1777
      1721
      1717
      1625
      1595
      1670
      1684
      1633
      1683
      1757
      1570
      1640
      1639
      1661
      1672
      1672
      1599
      1568
      1638
      1672
      1619
      1616
      1558
      1687
      1679
      1615
      1593
      1642
      1590
      1626
      1550
      1586
      1502
      1633
      1603
      1621
      1549
      1552
      1564
      1652
      1645
      1602
      1553
      1542
      1521
      1598
      1537
      1538
      1522
      1591
      1549
      1532
      1570
      1541
      1504
      1514
      1419
      1544
      1473
      1436
      1449
      1458
      1475
      1430
      1486
      1433
      1506
      1391
      1402
      1380
      1403
      1434
      1408
      1364
      1455
      1365
      1392
      1429
      1395
      1333
      1367
      1368
      1448
      1417
      1427
      1374
      1364
      1372
      1396
      1387
      1359
      1404
      1399
      1371
      1406
      1425
      1394
      1350
      1399
      1359
      1355
      1317
      1326
      1371
      1442
      1371
      1331
      1399
      1446
      1323
      1361
      1409
      1423
      1350
      1344
      1319
      1390
      1391
      1382
      1423
      1413
      1437
      1408
      1393
      1416
      1426
      1357
      1365
      1404
      1418
      1446
      1374
      1454
      1396
      1395
      1427
      1376
      1350
      1353
      1331
      1318
      1376
      1400
      1339
      1360
      1408
      1366
      1358
      1391
      1353
      1301
      1314
      1332
      1356
      1306
      1285
      1337
      1308
      1316
      1332
      1317
      1337
      1311
      1302
      1400
      1363
      1328
      1396
      1283
      1278
      1308
      1309
      1257
      1278
      1301
      1248
      1321
      1265
      1266
      1319
      1269
      1263
      1270
      1269
      1283
      1244
      1348
      1291
      1319
      1314
      1332
      1331
      1332
      1291
      1349
      1286
      1266
      1239
      1321
      1291
      1352
      1318
      1325
      1309
      1244
      1316
      1297
      1316
      1342
      1294
      1253
      1352
      1309
      1308
      1366
      1291
      1316
      1325
      1257
      1269
      1336
      1335
      1239
      1285
      1337
      1258
      1312
      1281
      1262
      1269
      1244
      1294
      1315
      1270
      1297
      1289
      1273
      1258
      1214
      1247
      1313
      1297
      1246
      1228
      1233
      1255
      1250
      1215
      1250
      1216
      1198
      1346
      1248
      1142
      1280
      1272
      1235
      1239
      1147
      1258
      1293
      1239
      1231
      1269
      1245
      1253
      1248
      1324
      1162
      1210
      1282
      1255
      1203
      1256
      1233
      1301
      1238
      1296
      1226
      1183
      1238
      1254
      1297
      1219
      1256
      1321
      1254
      1254
      1270
      1263
      1241
      1315
      1245
      1327
      1258
      1312
      1280
      1275
      1260
      1279
      1248
      1225
      1232
      1237
      1262
      1230
      1201
      1318
      1257
      1225
      1273
      1292
      1273
      1253
      1273
      1182
      1279
      1288
      1183
      1219
      1214
      1245
      1223
      1208
      1219
      1210
      1233
      1256
      1216
      1224
      1243
      1252
      1198
      1286
      1188
      1238
      1278
      1225
      1230
      1195
      1159
      1210
      1224
      1220
      1287
      1260
      1257
      1247
      1155
      1259
      1206
      1197
      1252
      1278
      1248
      1245
      1272
      1291
      1215
      1274
      1224
      1339
      1242
      1199
      1271
      1219
      1275
      1225
      1244
      1204
      1238
      1210
      1255
      1346
      1202
      1283
      1238
      1204
      1262
      1320
      1248
      1307
      1275
      1290
      1266
      1256
      1268
      1292
      1219
      1229
      1290
      1359
      1326
      1305
      1239
      1308
      1273
      1301
      1296
      1294
      1259
      1339
      1313
      1251
      1285
      1262
      1301
      1306
      1259
      1301
      1407
      1292
      1320
      1356
      1261
      1259
      1315
      1292
      1313
      1325
      1295
      1245
      1257
      1266
      1301
      1328
      1273
      1274
      1287
      1250
      1295
      1257
      1371
      1333
      1325
      1312
      1264
      1287
      1309
      1316
      1236
      1308
      1314
      1307
      1331
      1319
      1289
      1297
      1242
      1317
      1329
      1360
      1312
      1328
      1284
      1246
      1387
      1318
      1254
      1351
      1286
      1334
      1285
      1293
      1276
      1299
      1323
      1373
      1323
      1354
      1308
      1335
      1330
      1333
      1356
      1346
      1405
      1244
      1291
      1360
      1369
      1281
      1372
      1393
      1333
      1333
      1319
      1365
      1295
      1410
      1371
      1354
      1387
      1281
      1316
      1339
      1403
      1299
      1380
      1423
      1419
      1331
      1314
      1389
      1334
      1329
      1374
      1358
      1338
      1416
      1366
      1399
      1408
      1342
      1368
      1362
      1303
      1366
      1377
      1372
      1373
      1336
      1406
      1373
      1458
      1322
      1463
      1465
      1388
      1419
      1413
      1413
      1437
      1435
      1459
      1439
      1523
      1360
      1439
      1478
      1335
      1454
      1364
      1449
      1442
      1378
      1364
      1401
      1441
      1517
      1421
      1488
      1466
      1438
      1478
      1415
      1463
      1504
      1520
      1470
      1439
      1440
      1430
      1482
      1435
      1456
      1472
      1491
      1474
      1450
      1454
      1515
      1449
      1396
      1431
      1455
      1423
      1531
      1457
      1406
      1492
      1447
      1421
      1508
      1506
      1499
      1381
      1458
      1474
      1534
      1421
      1459
      1524
      1481
      1409
      1503
      1526
      1486
      1496
      1543
      1424
      1425
      1483
      1462
      1562
      1458
      1492
      1485
      1516
      1517
      1544
      1505
      1508
      1514
      1536
      1483
      1555
      1482
      1542
      1546
      1523
      1530
      1484
      1557
      1598
      1538
      1571
      1586
      1530
      1513
      1561
      1552
      1539
      1521
      1607
      1507
      1556
      1529
      1514
      1579
      1507
      1587
      1558
      1614
      1600
      1628
      1562
      1551
      1591
      1534
      1583
      1545
      1612
      1545
      1609
      1523
      1617
      1575
      1515
      1602
      1636
      1586
      1487
      1596
      1535
      1584
      1584
      1610
      1530
      1578
      1627
      1503
      1612
      1561
      1487
      1578
      1554
      1517
      1514
      1564
      1589
      1442
      1519
      1512
      1495
      1478
      1496
      1411
      1418
      1524
      1410
      1411
      1357
      1465
      1401
      1384
      1387
      1376
      1316
      1412
      1363
      1348
      1316
      1319
      1309
      1271
      1285
      1288
      1290
      1199
      1247
      1230
      1230
      1257
      1201
      1229
      1197
      1118
      1149
      1171
      1152
      1175
      1134
      1113
      1136
      1087
      1087
      1171
      1036
      1082
      1090
      1102
      1047
      1052
      1050
      1111
      1054
      1011
      1003
      1022
      1055
      1041
      1000
      1075
      1053
      1016
       982
       987
      1005
      1012
      1017
      1100
       996
       975
      1042
      1057
      1011
       945
      1010
       967
      1009
      1001
       915
       997
       970
      1009
       906
       966
       965
       975
       965
      1003
      1004
       929
       955
       977
      1021
       959
       994
       965
       976
       951
       989
       977
       950
       962
       957
       994
       935
       979
       961
       918
       971
       936
       958
       960
       979
       902
       981
       979
       923
       969
       905
       938
       940
       974
       956
       971
       932
       919
       877
       944
       918
       962
       938
       980
       887
       949
       939
       925
       870
       929
       916
       942
       898
       893
       892
       924
       884
       856
       929
       881
       966
       958
       955
       887
       933
       986
       954
       961
      1026
      1012
      1037
      1047
      1049
      1097
      1089
      1112
      1183
      1185
      1231
      1228
      1226
      1418
      1397
      1463
      1515
      1481
      1593
      1631
      1685
      1853
      1882
      1939
      2106
      2114
      2187
      2350
      2464
      2548
      2557
      2677
      2725
      3012
      2894
      3199
      3315
      3397
      3563
      3710
      3772
      3851
      3992
      4111
      4347
      4289
      4467
      4700
      4653
      4895
      4875
      5125
      5087
      5223
      5346
      5467
      5471
      5572
      5585
      5674
      5734
      5921
      5909
      5865
      5995
      5854
      5986
      5845
      5943
      5931
      5964
      5883
      5804
      5942
      5798
      5670
      5633
      5601
      5491
      5511
      5227
      5297
      5162
      4994
      5048
      4829
      4698
      4577
      4370
      4351
      4185
      4044
      4001
      3767
      3703
      3535
      3416
      3341
      3073
      3136
      2941
      2710
      2652
      2420
      2337
      2201
      2164
      2021
      2000
      1854
      1771
      1643
      1570
      1453
      1379
      1313
      1247
      1164
      1034
      1041
       916
       872
       831
       792
       724
       664
       626
       612
       503
       540
       489
       482
       446
       416
       395
       356
       335
       332
       297
       313
       298
       264
       252
       267
       289
       263
       262
       267
       246
       283
       268
       269
       305
       295
       337
       319
       339
       368
       398
       390
       405
       445
       479
       505
       513
       543
       583
       643
       672
       704
       780
       781
       883
       902
       923
      1008
      1029
      1177
      1117
      1343
      1362
      1429
      1523
      1547
      1643
      1693
      1804
      1934
      1963
      2037
      2185
      2222
      2426
      2471
      2483
      2668
      2804
      2861
      2978
      3106
      3195
      3214
      3389
      3397
      3579
      3627
      3731
      3934
      3880
      3938
      4150
      4068
      4192
      4196
      4252
      4374
      4521
      4677
      4524
      4659
      4734
      4739
      4753
      4726
      4812
      4748
      4799
      4755
      4977
      4761
      4730
      4757
      4710
      4675
      4612
      4822
      4530
      4618
      4447
      4499
      4416
      4282
      4299
      4046
      4090
      3905
      3882
      3844
      3773
      3451
      3544
      3414
      3325
      3248
      3066
      2999
      2861
      2937
      2670
      2520
      2453
      2378
      2264
      2133
      2152
      2107
      2018
      1912
      1853
      1692
      1551
      1572
      1497
      1342
      1209
      1208
      1104
       995
      1001
       945
       839
       831
       739
       752
       660
       656
       618
       531
       497
       473
       398
       410
       385
       354
       296
       309
       289
       239
       227
       226
       192
       180
       147
       113
       138
       133
       115
       125
        98
        87
        81
        69
        70
        65
        50
        46
        42
        42
        26
        34
        38
        26
        22
        23
        20
        20
        16
        14
        21
        11
        16
         5
        12
         9
         7
         8
         6
         8
        10
         7
        11
         6
         6
        13
        12
         7
         3
         3
         2
         7
         6
         7
         2
         4
        11
         6
         6
         0
         4
         2
         5
         8
         8
         4
         5
         4
         6
         4
         5
         2
         6
         3
         3
         2
         5
         2
         3
         6
         7
         4
         4
         1
         5
         4
         2
         1
        10
         0
         3
         4
         4
         3
         3
         6
         2
         4
         1
         5
         3
         8
         3
         4
         2
         4
         4
         2
         3
         1
         2
         4
         2
         3
         3
         1
         7
         5
         1
         2
         4
         0
         1
         1
         1
         2
         3
         3
         1
         0
         1
         1
         4
         3
         2
         5
         1
         6
         1
         5
         4
         4
         8
         2
         3
         3
         1
         4
         1
         3
         4
         4
         5
         3
         5
         1
         8
         4
         3
         4
        10
         8
         1
         4
         7
         4
         3
         5
         6
         4
         2
         5
         2
         2
         4
         5
         4
         5
         1
         3
         7
         3
         2
         7
         3
         6
         2
         5
         1
         2
         3
         2
         5
         6
         2
         3
         4
         6
         5
         9
         2
         3
         5
         6
         4
         6
         1
         5
         9
         3
         3
         4
         3
         7
         1
         5
         7
         6
         3
         4
         6
         6
         6
         5
         5
         4
         2
         4
         3
         2
         4
         3
         5
         6
         6
         5
         1
         4
         7
         8
         5
         1
         5
         2
         7
         4
         6
         4
         4
         5
         2
         5
         3
         5
         2
         5
         6
         5
         4
         8
         3
         1
         4
         8
         3
         4
         1
         2
         4
         8
         8
         8
         2
         8
         4
         1
         6
         3
         4
         1
         6
         4
         2
         5
         2
         1
         5
         8
         2
         6
         5
         2
         5
         4
         3
         4
         2
         5
         5
         4
         7
         4
         5
         3
         5
         6
         7
         1
         3
         3
         7
         2
         6
         6
         6
         5
         2
         2
         3
         3
         4
         1
         3
         3
         2
         2
         1
         2
         8
         0
         7
         8
         4
         6
         5
         1
         5
         3
         6
         3
         4
         7
         9
         2
         5
         4
         3
         3
         6
         0
         4
         3
         7
         2
         4
         7
         2
         4
         2
         2
         3
         2
         7
         3
         2
         2
         5
         5
         2
         5
         4
         2
         6
         6
         3
         5
         4
         4
         3
         1
         0
         4
         8
         8
         4
         6
         6
         3
         6
         2
         2
         6
         5
         3
         2
         3
         6
         6
         3
         4
         5
         2
         5
         5
         6
         2
         6
         1
         2
         4
         4
         3
         3
         1
         3
         3
         1
         5
         1
         5
         5
         4
         3
         5
         4
         3
         6
         5
         2
         5
         7
         4
         1
         2
         3
         3
         2
         6
         4
         3
         1
         4
         2
         1
         5
         4
         1
         2
         3
         2
         3
         1
         5
         1
         5
         2
         3
         2
         3
         3
         4
         4
         3
         5
         9
         3
         3
         3
         3
         1
         4
         4
         2
         4
         6
         3
         4
         1
         3
         4
         4
         5
         2
         2
         3
         4
         5
         0
         2
         4
         2
         3
         2
         7
         2
         2
         5
         3
         3
         4
         5
         4
         4
         4
         3
         4
         3
         2
         5
         3
         2
         3
         1
         3
         3
         2
         3
         4
         4
         3
         2
         3
         3
         3
         2
         7
         5
         3
         2
         1
         7
         3
         3
         4
         5
         2
         3
         5
         7
         3
         3
         1
         2
         8
         3
         2
         6
         1
         6
         5
         4
         3
         4
         2
         4
         5
         3
         6
         2
         6
         4
         3
         3
         1
         6
         3
         1
         4
         1
         4
         4
         4
         3
         1
         5
         5
         1
         1
         5
         5
         5
         2
         1
         1
         1
         4
         3
         3
         2
         1
         3
         4
         4
         3
         3
         3
         1
         1
         4
         3
         3
         4
         6
         2
         2
         5
         2
         1
         2
         6
         3
         2
         1
         1
         1
         1
         2
         2
         4
         1
         4
         1
         0
         5
         5
         2
         3
         3
         1
         4
         1
         4
         3
         4
         2
         2
         3
         2
         5
         4
         4
         1
         1
         5
         1
         1
         2
         1
         4
         4
         3
         2
         2
         1
         4
         2
         3
         0
         3
         2
         3
         3
         8
         5
         2
         5
         1
         2
         8
         2
         2
         3
         2
         3
         3
         1
         5
         2
         5
         3
         1
         2
         2
         3
         1
         3
         1
         4
         4
         1
         5
         3
         0
         3
         1
         3
         5
         2
         5
         2
         2
         5
         2
         4
         1
         2
         1
         5
         3
         3
         4
         1
         3
         2
         2
         4
         6
         3
         2
         4
         2
         0
         2
         1
         2
         2
         3
         4
         2
         3
         8
         5
         2
         2
         3
         4
         3
         2
         0
         2
         1
         2
         2
         1
         1
         4
         0
         2
         0
         2
         2
         4
         3
         1
         0
         0
         2
         0
         5
         1
         3
         1
         8
         4
         6
         3
         1
         3
         3
         0
         2
         3
         5
         0
         3
         3
         1
         3
         1
         0
         4
         3
         1
         6
         5
         3
         4
         3
         3
         1
         1
         3
         0
         0
         2
         2
         3
         0
         3
         5
         3
         0
         1
         5
         4
         1
         4
         6
         1
         2
         3
         2
         2
         2
         2
         2
         1
         1
         2
         3
         1
         2
         2
         5
         4
         3
         3
         1
         1
         4
         2
         2
         0
         2
         4
         7
         5
         1
         3
         5
         8
         4
         1
         2
         2
         5
         1
         2
         3
         2
         3
         1
         0
         2
         3
         2
         2
         2
         2
         1
         0
         2
         1
         7
         3
         3
         2
         4
         6
         0
         2
         4
         2
         5
         2
         2
         1
         1
         1
         2
         3
         2
         2
         4
         3
         3
         3
         1
         0
         0
         5
         3
         0
         1
         3
         1
         0
         2
         1
         2
         1
         2
         0
         2
         0
         2
         2
         3
         0
         0
         1
         0
         1
         2
         0
         1
         0
         1
         1
         0
         2
         1
         2
         0
         1
         0
         0
         1
         2
         1
         0
         0
         1
         1
         1
         0
         0
         0
         1
         0
         1
         0
         2
         2
         0
         0
         1
         0
         0
         0
         0
         0
         0
         0
         3
         1
         2
         0
         1
         2
         0
         0
         2
         1
         0
         0
         1
         1
         0
         1
         1
         1
         1
         0
         0
         0
         1
         2
         0
         3
         1
         1
         0
         0
         0
         0
         2
         0
         0
         1
         1
         2
         2
         1
         1
         0
         1
         2
         2
         1
         1
         3
         2
         3
         3
         2
         0
         0
         0
         1
         0
         2
         4
         0
         0
         0
         2
         1
         1
         3
         2
         1
         3
         4
         0
         1
         0
         1
         4
         0
         4
         0
         1
         1
         1
         2
         2
         3
         1
         0
         2
         6
         1
         1
         1
         4
         3
         2
         0
         3
         3
         2
         3
         5
         4
         4
         4
         4
         3
         6
         5
         6
         4
         3
         2
         6
         3
         3
         4
         2
         2
        10
         5
         4
         2
         5
         4
         5
         3
         4
         4
         3
         5
         4
         8
         4
         7
         6
         4
         6
         5
         9
         6
         6
         3
         4
         6
        10
         7
         6
         4
         5
         5
         3
         6
         2
        12
         4
         5
         4
        12
         7
         7
         6
        10
         2
         5
         6
         6
         1
         8
         5
         3
         2
         4
         8
         5
         4
         4
         6
         3
         4
         5
         4
         5
         0
         8
         9
         3
         3
         8
         3
         6
         1
         3
         8
         2
         3
         1
         1
         6
         2
         3
         3
         0
         7
         2
         2
         2
         2
         3
         3
         3
         5
         2
         1
         0
         0
         5
         1
         3
         3
         0
         1
         3
         2
         1
         1
         1
         0
         3
         1
         0
         0
         0
         1
         0
         1
         1
         0
         0
         1
         0
         1
         1
         0
         0
         1
         1
         1
         1
         0
         0
         1
         0
         0
         0
         0
         0
         0
         1
         0
         1
         0
         0
         0
         0
         0
         0
         0
         0
         0
         0
         0
         0
         1
         0
         1
         0
         0
         0
         0
         0
         0
         0
         0
         0
         0
         0
         0
         0
         0
         0
         0
         0
         0
         0
         0
         0
         0
         0
         0
         0
         0
         0
         0
         0
         0
         0
         0
         0
         0
         0
         0
         0
         0
         0
         0
         0
         0
         0
         0
         0
         0
         0
         0
         0
         0
         0
         0
         0
         0
         0
         0
         0
         0
         0
         0
         0
         0
         0
         0
         0
         0
         0
         0
         0
         0
         0
         0
         0
         0
         0
         0
         0
         0
         0
         0
         0
         0
         0
         0
         0
         0
         0
         0
         0
         0
         0
         0
         0
         0
         0
         0
         0
         0
         0
         0
         0
         0
         0
         0
         0
         0
         0
         0
         0
         0
         0
         0
         0
         0
         0
         0
         0
         0
         0
         0
         0
         0
         0
         0
         0
         0
         0
         0
         0
         0
         0
         0
         0
         0
         0
         0
         0
         0
         0
         0
         0
         0
         0
         0
         0
         0
         0
         0
         0
         0
         0
         0
         0
         0
         0
         0
         0
         0
         0
         0
         0
         0
         0
         0
         0
         0
         0
         0
         0
         0
         0
         0
         0
         0
         0
         0
         0
         0
         0
         0
         0
         0
         0
         0
         0
         0
         0
         0
         0
         0
         0
         0
         0
         0
         0
         0
         0
         0
         0
         0
         0
         0
         0
         0
         0
         0
         0
         0
         0
         0
         0
         0
         0
         0
         0
         0
         0
         0
         0
         0
         0
         0
         0
         0
         0
         0
         0
         0
         0
         0
         0
         0
         0
         0
         0
         0
         0
         0
         0
         0
         0
         0
         0
         0
         0
         0
         0
         0
         0
         0
         0
         0
         0
         0
         0
         0
         0
         0
         0
         0
         0
         0
         0
         0
         0
         0
         0
         0
         0
         0
         0
         0
         0
         0
         0
         0
         0
         0
         0
         0
         0
         0
         0
         0
         0
         0
         0
         0
         0
         0
         0
         0
         0
         0
         0
         0
         0
         0
         0
         0
         0
         0
         0
         0
         0
         0
         0
         0
         0
         0
         0
         0
         0
         0
         0
         0
         0
         0
         0
         0
         0
         0
         0
         0
         0
         0
         0
         0
         0
         0
         0
         0
         0
         0
         0
         0
         0
         0
         0
         0
         0
         0
         0
         0
         0
         0
         0
         0
         0
         0
         0
         0
         0
         0
         0
         0
         0
         0
         0
         0
         0
         0
         0
         0
         0
         0
         0
         0
