         0
         0
         0
         0
         0
         0
         0
         0
         0
         0
      1146
      1182
      1164
      1093
      1108
      1136
      1140
      1181
      1192
      1179
      1257
      1268
      1334
      1323
      1338
      1338
      1366
      1324
      1325
      1338
      1349
      1378
      1372
      1370
      1335
      1329
      1336
      1262
      1204
      1217
      1207
      1228
      1188
      1221
      1218
      1190
      1157
      1262
      1236
      1284
      1287
      1260
      1277
      1316
      1241
      1276
      1292
      1267
      1217
      1261
      1238
      1319
      1271
      1178
      1280
      1304
      1320
      1333
      1311
      1383
      1310
      1272
      1292
      1365
      1330
      1386
      1339
      1345
      1369
      1383
      1388
      1298
      1394
      1338
      1397
      1353
      1395
      1420
      1401
      1458
      1486
      1476
      1452
      1564
      1558
      1592
      1527
      1592
      1546
      1649
      1597
      1608
      1644
      1676
      1717
      1760
      1737
      1783
      1768
      1826
      1759
      1729
      1789
      1813
      1846
      1798
      1784
      1847
      1908
      1961
      1912
      2008
      1962
      1967
      1941
      1951
      2004
      1984
      1994
      2030
      1977
      2082
      1980
      1948
      2019
      2116
      2126
      2067
      2013
      2177
      2085
      2106
      2177
      2075
      2161
      2205
      2143
      2239
      2167
      2179
      2161
      2128
      2224
      2261
      2147
      2089
      2148
      2168
      2250
      2117
      2176
      2159
      2184
      2168
      2200
      2207
      2131
      2224
      2246
      2214
      2180
      2159
      2103
      2120
      2135
      2251
      2225
      2147
      2159
      2200
      2252
      2249
      2178
      2237
      2286
      2278
      2264
      2315
      2299
      2309
      2312
      2457
      2304
      2338
      2292
      2338
      2336
      2312
      2334
      2451
      2403
      2449
      2323
      2444
      2474
      2496
      2570
      2442
      2527
      2568
      2554
      2614
      2559
      2603
      2539
      2666
      2711
      2628
      2680
      2680
      2803
      2798
      2727
      2749
      2749
      2877
      2711
      2774
      2760
      2682
      2793
      2794
      2783
      2694
      2715
      2617
      2752
      2696
      2672
      2587
      2692
      2692
      2683
      2659
      2666
      2518
      2503
      2573
      2517
      2562
      2545
      2572
      2489
      2587
      2467
      2472
      2485
      2506
      2435
      2394
      2374
      2439
      2374
      2479
      2472
      2435
      2367
      2387
      2360
      2391
      2471
      2500
      2374
      2318
      2478
      2305
      2356
      2437
      2290
      2343
      2358
      2330
      2314
      2301
      2344
      2279
      2397
      2294
      2243
      2300
      2267
      2284
      2276
      2305
      2145
      2235
      2304
      2111
      2157
      2196
      2125
      2179
      2133
      2112
      2262
      2169
      2101
      2151
      2123
      2129
      2102
      2189
      2111
      2173
      2077
      2062
      2119
      2099
      1960
      2089
      2022
      2036
      2090
      1978
      2081
      1994
      2001
      1993
      1993
      2112
      1999
      2008
      1982
      2004
      1990
      1913
      2062
      1917
      2023
      1942
      2003
      1999
      1978
      1908
      1891
      1885
      1906
      1909
      1926
      1932
      1916
      1936
      1891
      1964
      1910
      1882
      1871
      1879
      1909
      1905
      1921
      1894
      1970
      1807
      1862
      1905
      1898
      1845
      1762
      1801
      1759
      1794
      1781
      1858
      1819
      1789
      1771
      1739
      1761
      1810
      1803
      1786
      1776
      1735
      1705
      1754
      1717
      1745
      1726
      1736
      1824
      1797
      1716
      1743
      1696
      1744
      1777
      1689
      1713
      1814
      1595
      1827
      1760
      1724
      1709
      1703
      1688
      1696
      1745
      1682
      1651
      1676
      1662
      1674
      1706
      1716
      1703
      1695
      1710
      1651
      1677
      1688
      1626
      1575
      1657
      1647
      1650
      1688
      1647
      1656
      1619
      1606
      1650
      1584
      1687
      1590
      1679
      1628
      1572
      1618
      1643
      1614
      1567
      1578
      1596
      1608
      1587
      1593
      1608
      1614
      1524
      1574
      1611
      1540
      1567
      1569
      1494
      1529
      1513
      1555
      1536
      1502
      1561
      1504
      1514
      1672
      1471
      1509
      1468
      1554
      1564
      1470
      1487
      1480
      1443
      1504
      1480
      1582
      1547
      1442
      1497
      1489
      1582
      1460
      1482
      1476
      1540
      1527
      1520
      1487
      1462
      1541
      1417
      1467
      1511
      1506
      1456
      1560
      1532
      1451
      1482
      1456
      1471
      1477
      1481
      1561
      1555
      1501
      1472
      1499
      1563
      1536
      1511
      1607
      1438
      1495
      1499
      1461
      1418
      1417
      1515
      1488
      1532
      1519
      1454
      1529
      1436
      1480
      1463
      1469
      1520
      1446
      1430
      1412
      1388
      1428
      1376
      1489
      1443
      1460
      1443
      1368
      1438
      1439
      1395
      1400
      1374
      1427
      1387
      1391
      1358
      1386
      1397
      1416
      1375
      1411
      1434
      1382
      1295
      1410
      1361
      1383
      1354
      1374
      1384
      1347
      1336
      1399
      1348
      1362
      1427
      1271
      1362
      1370
      1320
      1363
      1384
      1412
      1291
      1311
      1307
      1272
      1391
      1389
      1340
      1317
      1399
      1311
      1318
      1282
      1411
      1345
      1361
      1335
      1350
      1269
      1373
      1307
      1326
      1342
      1363
      1277
      1278
      1319
      1358
      1314
      1333
      1273
      1328
      1312
      1286
      1327
      1331
      1389
      1304
      1313
      1346
      1328
      1288
      1327
      1354
      1281
      1369
      1304
      1292
      1295
      1313
      1323
      1268
      1351
      1196
      1246
      1321
      1324
      1321
      1319
      1327
      1361
      1259
      1321
      1357
      1285
      1290
      1294
      1262
      1376
      1256
      1297
      1300
      1301
      1341
      1288
      1340
      1325
      1365
      1330
      1280
      1393
      1283
      1297
      1182
      1277
      1325
      1362
      1280
      1359
      1292
      1300
      1326
      1353
      1252
      1358
      1293
      1379
      1321
      1280
      1316
      1392
      1312
      1372
      1280
      1359
      1336
      1309
      1305
      1310
      1290
      1307
      1311
      1338
      1254
      1261
      1278
      1261
      1307
      1321
      1304
      1312
      1309
      1341
      1316
      1249
      1302
      1286
      1330
      1279
      1292
      1356
      1306
      1329
      1291
      1352
      1311
      1324
      1380
      1296
      1342
      1311
      1284
      1286
      1331
      1375
      1228
      1398
      1307
      1271
      1277
      1258
      1354
      1393
      1316
      1337
      1234
      1292
      1298
      1274
      1337
      1305
      1355
      1351
      1344
      1359
      1325
      1266
      1251
      1286
      1332
      1235
      1275
      1291
      1333
      1305
      1367
      1314
      1266
      1351
      1307
      1321
      1295
      1299
      1333
      1361
      1360
      1306
      1277
      1356
      1329
      1342
      1280
      1334
      1375
      1271
      1339
      1243
      1250
      1252
      1319
      1310
      1322
      1305
      1309
      1288
      1340
      1403
      1309
      1306
      1291
      1296
      1327
      1367
      1290
      1280
      1365
      1265
      1366
      1310
      1355
      1304
      1332
      1315
      1342
      1363
      1336
      1298
      1368
      1306
      1329
      1248
      1319
      1297
      1325
      1319
      1304
      1311
      1317
      1358
      1353
      1314
      1342
      1356
      1309
      1352
      1326
      1282
      1332
      1409
      1313
      1304
      1310
      1267
      1383
      1369
      1346
      1357
      1315
      1356
      1323
      1318
      1354
      1299
      1372
      1371
      1329
      1268
      1284
      1356
      1280
      1301
      1346
      1347
      1388
      1350
      1377
      1345
      1276
      1364
      1366
      1314
      1321
      1327
      1355
      1342
      1297
      1383
      1358
      1377
      1360
      1344
      1353
      1301
      1316
      1287
      1343
      1344
      1408
      1367
      1340
      1336
      1391
      1400
      1336
      1397
      1327
      1339
      1350
      1341
      1359
      1388
      1426
      1428
      1432
      1391
      1313
      1409
      1393
      1350
      1395
      1394
      1445
      1418
      1439
      1369
      1348
      1305
      1376
      1350
      1372
      1421
      1430
      1334
      1479
      1398
      1413
      1399
      1373
      1417
      1443
      1392
      1344
      1401
      1374
      1421
      1396
      1413
      1331
      1350
      1386
      1355
      1305
      1365
      1372
      1378
      1368
      1439
      1383
      1350
      1313
      1411
      1361
      1377
      1347
      1273
      1341
      1380
      1326
      1324
      1379
      1313
      1283
      1348
      1357
      1263
      1269
      1278
      1249
      1259
      1227
      1255
      1233
      1161
      1247
      1187
      1236
      1233
      1159
      1197
      1224
      1173
      1192
      1168
      1134
      1137
      1153
      1146
      1108
      1141
      1044
      1069
      1150
      1077
      1099
      1056
      1069
      1009
      1035
      1012
      1052
      1066
      1050
      1009
      1002
      1006
      1017
       977
       983
       964
       976
      1005
      1018
       935
      1030
       966
      1022
       955
       952
       944
       972
       941
       974
       945
       885
       926
       920
       948
       956
       904
       905
       881
       932
       967
       942
       953
       952
       902
       940
       919
       917
       894
       892
       857
       882
       924
       943
       927
       887
       862
       933
       910
       936
       871
       920
       858
       909
       840
       953
       896
       921
       915
       892
       888
       926
       825
       901
       902
       865
       931
       878
       859
       855
       979
       851
       853
       901
       887
       905
       866
       919
       894
       887
       900
       909
       867
       918
       858
       892
       856
       900
       870
       872
       859
       845
       854
       816
       853
       831
       840
       844
       778
       877
       861
       869
       834
       831
       862
       849
       820
       811
       855
       803
       858
       860
       871
       899
       906
       930
       949
       878
       911
       916
       913
       943
       953
       974
       961
      1039
      1050
      1171
      1109
      1174
      1158
      1197
      1232
      1317
      1387
      1298
      1484
      1442
      1500
      1675
      1607
      1657
      1737
      1817
      1931
      2072
      2074
      2104
      2115
      2210
      2407
      2498
      2591
      2681
      2647
      2797
      2870
      2914
      3068
      3223
      3223
      3338
      3429
      3569
      3647
      3681
      3807
      3921
      3872
      3995
      4227
      4112
      4075
      4327
      4408
      4355
      4396
      4387
      4560
      4464
      4534
      4542
      4672
      4418
      4507
      4561
      4548
      4581
      4318
      4444
      4471
      4239
      4322
      4236
      4215
      4122
      3975
      4037
      3897
      3941
      3788
      3718
      3521
      3488
      3452
      3312
      3242
      3042
      2975
      2824
      2779
      2649
      2656
      2587
      2393
      2359
      2276
      2118
      2086
      1883
      1805
      1735
      1750
      1617
      1575
      1430
      1400
      1250
      1235
      1115
      1065
      1052
       960
       955
       848
       830
       751
       695
       647
       604
       598
       588
       508
       515
       473
       466
       445
       437
       386
       398
       375
       338
       334
       308
       286
       303
       293
       263
       272
       253
       274
       282
       247
       265
       266
       263
       270
       277
       265
       269
       309
       292
       350
       313
       356
       351
       394
       409
       442
       443
       439
       433
       521
       564
       570
       572
       634
       624
       733
       726
       822
       848
       835
       897
      1003
      1051
      1100
      1114
      1166
      1297
      1285
      1349
      1427
      1551
      1554
      1667
      1720
      1816
      1874
      1949
      1990
      2078
      2075
      2202
      2275
      2398
      2394
      2490
      2609
      2667
      2745
      2828
      2875
      2994
      3127
      3099
      3147
      3220
      3257
      3352
      3347
      3316
      3337
      3530
      3461
      3586
      3620
      3654
      3603
      3775
      3700
      3665
      3532
      3578
      3701
      3707
      3566
      3645
      3575
      3575
      3707
      3568
      3464
      3443
      3413
      3475
      3357
      3315
      3191
      3156
      3135
      3090
      3052
      2836
      2815
      2725
      2761
      2560
      2518
      2537
      2333
      2310
      2246
      2195
      2069
      2054
      1948
      1884
      1720
      1731
      1653
      1653
      1452
      1462
      1364
      1306
      1258
      1106
      1062
      1025
      1006
       969
       896
       839
       793
       716
       686
       645
       548
       552
       508
       492
       492
       408
       370
       364
       325
       330
       306
       284
       241
       231
       208
       215
       167
       166
       164
       139
       151
        96
       114
       100
        84
        72
        69
        53
        67
        45
        51
        41
        40
        42
        30
        24
        25
        34
        25
        14
        19
        16
        15
        20
        26
         7
        11
         8
        10
         8
        15
        10
        12
         6
        11
         5
         4
         8
         9
         5
         2
         0
        10
         8
         4
         2
         4
         9
         5
         2
         7
         5
         1
         4
         4
         4
         2
         2
         6
         4
         6
         4
         3
         3
         6
         5
         8
         7
         8
         4
        10
         5
         8
         2
         5
         3
         2
         2
         7
        11
         7
         7
         4
         3
         6
         5
         8
         3
         6
         2
         1
         6
         3
         2
         2
         7
         7
         6
         6
         7
         3
         3
         8
         5
         3
         5
         3
         4
         5
         3
         5
         2
         4
         8
         2
         3
        10
         6
         4
         2
         2
         5
         8
         6
         6
         3
         5
         3
         2
         2
         3
         4
         2
         7
         2
         2
         7
         4
         5
         7
         5
         8
         6
         7
         5
         5
         7
         4
         3
         2
         5
         6
         3
         3
         2
         7
         2
         5
         5
         7
         0
         5
         4
         3
         6
         5
         5
         3
         4
         2
         8
         5
         5
         4
         3
         4
         5
         2
         4
         2
         7
         3
         3
         2
         1
         6
         3
         2
         1
         3
         2
         0
         5
         6
         6
         6
         3
         6
         1
         2
         6
         4
         4
         4
         3
         8
         6
         4
         5
         3
         1
         3
         4
         3
         6
         2
         8
         3
         7
         4
         4
         4
         3
         4
         2
         6
         6
         4
         7
         2
         2
         6
         5
         8
         5
         6
         3
         4
         3
         4
         2
         5
         4
         5
         4
         5
         6
         2
         5
         1
         5
         3
         2
         3
         1
         4
         5
         3
         5
         5
         5
         2
         5
         4
         4
         1
         0
         2
         2
         9
         4
         0
         3
         5
         3
         3
         2
         2
         2
         3
         0
         5
         6
         5
         2
         4
         6
         4
         2
         2
         4
         2
         5
         4
         2
         3
         4
         5
         4
         9
         4
         9
         2
         3
         1
         3
         5
         5
         0
         2
         1
         6
         3
         4
         5
         1
         4
         8
         0
         5
         0
         4
         4
         3
         4
         0
         1
         3
         1
         6
         3
         2
         3
         1
         3
         4
         1
         5
         3
         2
         3
         6
         2
         1
         7
         0
         2
         3
         0
         3
         0
         1
         3
         1
         4
         3
         3
         6
         3
         2
         1
         0
         5
         3
         3
         2
         4
         3
         7
         4
         5
         0
         2
         2
         5
         1
         7
         0
         5
         4
         4
         1
         3
         0
         4
         4
         3
         6
         1
         1
         2
         3
         4
         1
         3
         3
         1
         5
         2
         3
         1
         3
         3
         6
         3
         3
         3
         1
         1
         2
         3
         5
         3
         3
         6
         4
         2
         4
         2
         6
         1
         3
         3
         1
         0
         6
         3
         2
         1
         2
         4
         2
         2
         2
         3
         4
         4
         5
         2
         3
         4
         1
         2
         7
         3
         6
         1
         2
         3
         3
         3
         5
         3
         2
         3
         3
         2
         3
         1
         2
         1
         3
         2
         2
         1
         3
         5
         4
         4
         3
         3
         3
         2
         5
         1
         5
         1
         2
         5
         2
         2
         7
         3
         2
         3
         2
         2
         1
         5
         3
         3
         4
         2
         4
         3
         2
         0
         2
         2
         1
         3
         1
         6
         0
         4
         2
         2
         4
         1
         1
         4
         5
         4
         2
         1
         2
         4
         1
         3
         1
         6
         3
         4
         1
         2
         4
         3
         4
         3
         1
         2
         3
         3
         0
         0
         4
         0
         5
         3
         1
         2
         3
         2
         2
         1
         3
         3
         1
         2
         5
         2
         3
         0
         1
         0
         2
         2
         5
         7
         1
         1
         5
         2
         1
         2
         1
         0
         2
         1
         4
         3
         2
         1
         3
         3
         3
         0
         4
         1
         2
         2
         3
         1
         2
         0
         1
         4
         2
         2
         2
         1
         5
         0
         3
         1
         0
         1
         1
         3
         1
         2
         3
         2
         2
         4
         2
         2
         2
         4
         2
         4
         6
         4
         0
         2
         5
         3
         2
         3
         3
         3
         5
         1
         6
         4
         2
         1
         1
         5
         1
         1
         6
         5
         3
         2
         2
         4
         3
         5
         2
         2
         2
         3
         4
         2
         4
         1
         2
         3
         2
         4
         2
         1
         1
         0
         1
         5
         3
         1
         4
         4
         4
         4
         2
         1
         0
         6
         1
         4
         5
         0
         2
         2
         2
         0
         4
         4
         0
         2
         2
         4
         0
         4
         2
         2
         2
         3
         4
         2
         0
         3
         1
         2
         3
         4
         2
         4
         3
         2
         6
         3
         2
         1
         4
         1
         1
         3
         0
         1
         1
         1
         3
         4
         5
         3
         2
         1
         4
         3
         1
         4
         0
         0
         1
         4
         4
         3
         4
         0
         4
         2
         5
         2
         5
         1
         2
         3
         2
         2
         4
         3
         1
         0
         4
         1
         0
         5
         2
         1
         5
         2
         3
         2
         5
         0
         3
         2
         3
         4
         0
         1
         2
         2
         1
         3
         0
         4
         1
         2
         0
         4
         0
         2
         3
         4
         2
         4
         3
         1
         2
         1
         1
         4
         3
         3
         0
         2
         1
         1
         0
         1
         2
         2
         4
         2
         3
         2
         3
         3
         1
         3
         1
         2
         1
         1
         3
         3
         1
         3
         2
         0
         2
         0
         2
         1
         4
         1
         2
         3
         0
         2
         1
         1
         0
         2
         2
         0
         1
         0
         1
         3
         2
         1
         1
         3
         4
         1
         3
         0
         3
         2
         3
         1
         0
         0
         2
         7
         2
         2
         1
         4
         5
         1
         1
         1
         5
         0
         4
         1
         0
         3
         2
         1
         3
         2
         3
         3
         2
         0
         3
         3
         1
         0
         1
         0
         2
         1
         2
         3
         2
         2
         1
         1
         0
         2
         2
         1
         2
         0
         2
         2
         1
         0
         3
         1
         2
         1
         0
         2
         0
         3
         3
         1
         1
         0
         1
         5
         1
         1
         1
         1
         0
         2
         2
         0
         0
         1
         2
         1
         0
         2
         0
         0
         1
         1
         0
         0
         1
         0
         2
         2
         0
         0
         0
         0
         0
         0
         1
         0
         0
         0
         2
         1
         3
         2
         2
         1
         1
         0
         0
         0
         5
         1
         1
         0
         1
         1
         0
         1
         1
         0
         1
         1
         1
         0
         2
         2
         3
         3
         1
         0
         0
         1
         1
         1
         1
         1
         2
         3
         1
         1
         2
         1
         1
         2
         0
         1
         1
         1
         1
         2
         4
         2
         1
         2
         0
         0
         1
         0
         0
         1
         2
         2
         0
         1
         2
         1
         3
         2
         1
         1
         4
         0
         2
         0
         1
         2
         1
         0
         1
         2
         3
         1
         3
         4
         0
         0
         2
         2
         1
         1
         2
         7
         3
         1
         1
         2
         2
         3
         0
         4
         1
         3
         1
         3
         2
         2
         2
         1
         1
         1
         4
         4
         0
         5
         2
         4
         4
         2
         3
         2
         3
         2
         4
         5
         2
         3
         3
         5
         1
         3
         2
         2
         5
         5
         5
         4
         5
         2
         4
         6
         3
         2
         9
         5
         1
         3
         5
         5
         3
         3
         2
        10
         4
         5
         6
         3
         5
         8
         3
         3
         1
         5
         4
         8
         5
         5
         4
         7
         6
         1
         5
         2
         6
         5
         1
         3
         5
         3
         1
         2
         5
         4
         1
         3
         8
         3
         1
         3
         0
         3
         0
         2
         3
         2
         3
         1
         1
         0
         1
         2
         4
         1
         4
         1
         0
         4
         2
         1
         3
         4
         1
         1
         3
         1
         0
         1
         2
         2
         0
         0
         1
         1
         1
         3
         0
         1
         1
         0
         0
         0
         0
         0
         0
         1
         0
         1
         1
         1
         0
         0
         1
         1
         2
         0
         2
         0
         0
         0
         0
         0
         0
         1
         1
         1
         1
         1
         0
         0
         0
         0
         1
         0
         0
         1
         0
         0
         0
         0
         0
         0
         0
         0
         0
         0
         0
         0
         0
         1
         0
         0
         0
         0
         1
         0
         0
         0
         0
         0
         0
         0
         0
         0
         0
         0
         0
         0
         0
         0
         0
         0
         0
         0
         0
         0
         0
         0
         0
         0
         0
         0
         0
         0
         0
         0
         0
         0
         0
         0
         0
         0
         0
         0
         0
         0
         0
         0
         0
         0
         0
         0
         0
         0
         0
         0
         0
         0
         0
         0
         0
         0
         0
         0
         0
         0
         0
         0
         0
         0
         0
         0
         0
         0
         0
         0
         0
         0
         0
         0
         0
         0
         0
         0
         0
         0
         0
         0
         0
         0
         0
         0
         0
         0
         0
         0
         0
         0
         0
         0
         0
         0
         0
         0
         0
         0
         0
         0
         0
         0
         0
         0
         0
         0
         0
         0
         0
         0
         0
         0
         0
         0
         0
         0
         0
         0
         0
         0
         0
         0
         0
         0
         0
         0
         0
         0
         0
         0
         0
         0
         0
         0
         0
         0
         0
         0
         0
         0
         0
         0
         0
         0
         0
         0
         0
         0
         0
         0
         0
         0
         0
         0
         0
         0
         0
         0
         0
         0
         0
         0
         0
         0
         0
         0
         0
         0
         0
         0
         0
         0
         0
         0
         0
         0
         0
         0
         0
         0
         0
         0
         0
         0
         0
         0
         0
         0
         0
         0
         0
         0
         0
         0
         0
         0
         0
         0
         0
         0
         0
         0
         0
         0
         0
         0
         0
         0
         0
         0
         0
         0
         0
         0
         0
         0
         0
         0
         0
         0
         0
         0
         0
         0
         0
         0
         0
         0
         0
         0
         0
         0
         0
         0
         0
         0
         0
         0
         0
         0
         0
         0
         0
         0
         0
         0
         0
         0
         0
         0
         0
         0
         0
         0
         0
         0
         0
         0
         0
         0
         0
         0
         0
         0
         0
         0
         0
         0
         0
         0
         0
         0
         0
         0
         0
         0
         0
         0
         0
         0
         0
         0
         0
         0
         0
         0
         0
         0
         0
         0
         0
         0
         0
         0
         0
         0
         0
         0
         0
         0
         0
         0
         0
         0
         0
         0
         0
         0
         0
         0
         0
         0
         0
         0
         0
         0
         0
         0
         0
         0
         0
         0
         0
         0
         0
         0
         0
         0
         0
         0
         0
         0
         0
         0
         0
         0
         0
         0
         0
         0
         0
         0
         0
         0
         0
         0
         0
         0
         0
         0
         0
         0
         0
         0
         0
         0
         0
         0
         0
         0
         0
         0
         0
         0
         0
