         0
         0
         0
         0
         0
         0
         0
         0
         0
         0
      1254
      1216
      1218
      1199
      1202
      1204
      1097
      1184
      1184
      1194
      1239
      1245
      1289
      1326
      1307
      1277
      1325
      1294
      1254
      1301
      1289
      1335
      1258
      1319
      1291
      1281
      1316
      1240
      1265
      1310
      1260
      1249
      1293
      1259
      1297
      1294
      1277
      1349
      1266
      1248
      1290
      1266
      1318
      1311
      1314
      1280
      1285
      1284
      1270
      1384
      1370
      1342
      1352
      1336
      1342
      1357
      1389
      1355
      1348
      1356
      1311
      1274
      1378
      1393
      1395
      1366
      1316
      1383
      1331
      1413
      1413
      1386
      1487
      1450
      1418
      1443
      1514
      1527
      1530
      1491
      1510
      1531
      1583
      1711
      1699
      1672
      1699
      1756
      1780
      1777
      1878
      1825
      1891
      1892
      1963
      1893
      1945
      1988
      1880
      2006
      1992
      1957
      2018
      1901
      2014
      2097
      2067
      2023
      2106
      2126
      2158
      2210
      2165
      2206
      2216
      2214
      2308
      2297
      2368
      2315
      2398
      2362
      2438
      2395
      2385
      2582
      2473
      2472
      2450
      2476
      2465
      2574
      2533
      2542
      2485
      2566
      2490
      2644
      2531
      2561
      2640
      2501
      2607
      2543
      2689
      2567
      2636
      2536
      2544
      2616
      2564
      2574
      2658
      2605
      2601
      2649
      2633
      2623
      2610
      2637
      2672
      2674
      2594
      2623
      2540
      2663
      2562
      2609
      2572
      2649
      2648
      2737
      2578
      2564
      2686
      2661
      2628
      2643
      2759
      2680
      2691
      2604
      2565
      2667
      2786
      2587
      2656
      2587
      2712
      2675
      2565
      2590
      2735
      2721
      2814
      2779
      2681
      2791
      2748
      2837
      2844
      2831
      2926
      2902
      2995
      2943
      3001
      3009
      2939
      2973
      2976
      3071
      2987
      3029
      3000
      2979
      3030
      3020
      3015
      3012
      2960
      3010
      2978
      2979
      2910
      2859
      2955
      2958
      2935
      2986
      2845
      2917
      2840
      2868
      2813
      2845
      2828
      2803
      2811
      2832
      2841
      2826
      2818
      2800
      2677
      2786
      2782
      2742
      2813
      2670
      2722
      2692
      2798
      2662
      2717
      2665
      2735
      2680
      2617
      2616
      2667
      2669
      2599
      2602
      2609
      2530
      2552
      2540
      2452
      2619
      2609
      2508
      2536
      2634
      2542
      2430
      2434
      2471
      2500
      2521
      2490
      2425
      2418
      2542
      2436
      2449
      2382
      2363
      2406
      2407
      2379
      2425
      2328
      2341
      2337
      2404
      2275
      2405
      2262
      2402
      2351
      2264
      2401
      2302
      2262
      2275
      2250
      2217
      2241
      2251
      2248
      2250
      2204
      2162
      2178
      2200
      2145
      2212
      2170
      2218
      2148
      2133
      2134
      2119
      2089
      2165
      2081
      2066
      2121
      2075
      2073
      2051
      2129
      2080
      2132
      2003
      2053
      2130
      2048
      2127
      2056
      2094
      2087
      2037
      1999
      2041
      2028
      2000
      2112
      2036
      2070
      1990
      2003
      1996
      2047
      2024
      1999
      2096
      1971
      1934
      1981
      2031
      1977
      1959
      1924
      1894
      1981
      1970
      1886
      1935
      1978
      1856
      1920
      1851
      1937
      1819
      1838
      1860
      1777
      1886
      1768
      1879
      1843
      1824
      1871
      1761
      1807
      1869
      1757
      1759
      1844
      1755
      1718
      1742
      1787
      1834
      1705
      1746
      1722
      1810
      1779
      1731
      1714
      1666
      1725
      1676
      1675
      1670
      1704
      1713
      1669
      1709
      1711
      1716
      1693
      1645
      1706
      1736
      1754
      1697
      1682
      1583
      1718
      1672
      1679
      1650
      1610
      1674
      1610
      1681
      1586
      1669
      1707
      1621
      1721
      1667
      1631
      1701
      1694
      1585
      1664
      1645
      1641
      1611
      1670
      1634
      1571
      1650
      1575
      1595
      1601
      1657
      1595
      1606
      1535
      1559
      1587
      1583
      1602
      1633
      1597
      1549
      1523
      1648
      1505
      1510
      1534
      1534
      1532
      1516
      1511
      1556
      1603
      1555
      1473
      1576
      1574
      1514
      1591
      1587
      1628
      1519
      1580
      1499
      1587
      1518
      1600
      1505
      1520
      1494
      1538
      1542
      1472
      1586
      1537
      1500
      1580
      1487
      1530
      1466
      1555
      1470
      1557
      1497
      1588
      1459
      1566
      1532
      1556
      1561
      1533
      1445
      1517
      1495
      1478
      1510
      1542
      1403
      1467
      1529
      1550
      1518
      1491
      1417
      1386
      1421
      1455
      1466
      1460
      1436
      1422
      1477
      1457
      1434
      1451
      1431
      1452
      1397
      1425
      1394
      1453
      1548
      1453
      1450
      1455
      1341
      1427
      1464
      1392
      1351
      1392
      1426
      1367
      1403
      1434
      1396
      1449
      1386
      1401
      1418
      1478
      1458
      1395
      1428
      1392
      1440
      1381
      1413
      1379
      1356
      1408
      1347
      1389
      1318
      1354
      1359
      1420
      1368
      1417
      1400
      1302
      1380
      1365
      1447
      1325
      1414
      1335
      1372
      1323
      1349
      1356
      1367
      1361
      1436
      1298
      1359
      1320
      1326
      1325
      1380
      1349
      1315
      1292
      1292
      1325
      1336
      1297
      1366
      1242
      1392
      1386
      1306
      1276
      1324
      1302
      1284
      1357
      1287
      1305
      1302
      1310
      1299
      1324
      1336
      1301
      1329
      1246
      1282
      1278
      1275
      1282
      1350
      1295
      1353
      1294
      1321
      1320
      1312
      1305
      1321
      1316
      1261
      1313
      1255
      1280
      1297
      1323
      1272
      1267
      1344
      1288
      1239
      1269
      1264
      1301
      1329
      1300
      1297
      1296
      1366
      1357
      1290
      1279
      1243
      1363
      1263
      1240
      1250
      1247
      1344
      1268
      1249
      1261
      1306
      1302
      1209
      1237
      1202
      1288
      1343
      1276
      1266
      1308
      1285
      1284
      1248
      1222
      1270
      1250
      1272
      1246
      1255
      1260
      1299
      1226
      1285
      1251
      1258
      1186
      1296
      1208
      1295
      1261
      1262
      1247
      1243
      1280
      1244
      1258
      1275
      1227
      1234
      1295
      1227
      1201
      1191
      1283
      1191
      1230
      1211
      1232
      1266
      1309
      1198
      1240
      1193
      1221
      1227
      1199
      1211
      1247
      1219
      1255
      1208
      1233
      1243
      1243
      1187
      1221
      1246
      1246
      1189
      1201
      1236
      1254
      1214
      1274
      1252
      1200
      1205
      1285
      1225
      1247
      1199
      1218
      1192
      1284
      1276
      1291
      1257
      1203
      1224
      1178
      1228
      1176
      1153
      1232
      1204
      1237
      1268
      1197
      1228
      1220
      1199
      1201
      1223
      1212
      1205
      1170
      1203
      1207
      1192
      1217
      1264
      1202
      1246
      1207
      1188
      1190
      1254
      1223
      1204
      1215
      1251
      1205
      1257
      1189
      1238
      1199
      1201
      1279
      1282
      1188
      1274
      1272
      1214
      1261
      1245
      1238
      1205
      1164
      1225
      1231
      1230
      1271
      1224
      1276
      1269
      1220
      1255
      1285
      1268
      1224
      1296
      1261
      1193
      1213
      1281
      1207
      1273
      1230
      1226
      1282
      1268
      1194
      1253
      1239
      1248
      1243
      1275
      1207
      1260
      1293
      1248
      1233
      1311
      1293
      1309
      1235
      1180
      1278
      1265
      1196
      1210
      1234
      1250
      1186
      1204
      1246
      1240
      1262
      1209
      1279
      1303
      1231
      1302
      1283
      1230
      1288
      1223
      1296
      1315
      1330
      1243
      1283
      1266
      1309
      1216
      1281
      1261
      1204
      1278
      1292
      1235
      1269
      1264
      1246
      1330
      1246
      1249
      1302
      1248
      1255
      1348
      1252
      1291
      1328
      1241
      1316
      1197
      1245
      1290
      1268
      1250
      1288
      1269
      1244
      1267
      1300
      1334
      1214
      1272
      1252
      1290
      1244
      1291
      1209
      1229
      1244
      1221
      1284
      1239
      1199
      1211
      1268
      1216
      1190
      1230
      1271
      1268
      1247
      1258
      1177
      1155
      1218
      1153
      1162
      1168
      1152
      1121
      1180
      1214
      1157
      1125
      1195
      1138
      1106
      1158
      1092
      1086
      1125
      1086
      1112
      1066
      1113
      1065
      1060
      1026
      1039
       996
      1053
      1067
      1025
      1010
       993
       995
       997
       995
       995
       947
       977
       936
       950
       973
       930
       980
       951
       981
       869
       994
       914
       863
       906
       926
       890
       926
       867
       881
       874
       904
       896
       901
       896
       889
       843
       859
       870
       922
       802
       919
       926
       924
       843
       875
       824
       858
       837
       890
       864
       874
       857
       854
       842
       849
       918
       816
       877
       865
       853
       840
       806
       828
       889
       906
       830
       857
       831
       793
       827
       824
       812
       843
       843
       880
       916
       796
       911
       850
       861
       835
       882
       887
       834
       810
       849
       871
       840
       861
       774
       841
       887
       839
       864
       841
       883
       843
       848
       863
       796
       851
       816
       794
       801
       848
       835
       816
       853
       843
       850
       793
       854
       805
       845
       831
       789
       819
       862
       813
       794
       755
       828
       775
       739
       826
       822
       821
       814
       788
       798
       755
       832
       803
       843
       781
       815
       876
       858
       887
       884
       841
       886
       827
       843
       970
       933
       966
       972
      1012
       997
      1081
      1143
      1171
      1135
      1195
      1227
      1237
      1344
      1373
      1452
      1407
      1513
      1546
      1580
      1681
      1702
      1777
      1874
      1956
      1980
      1987
      2129
      2117
      2314
      2400
      2404
      2503
      2549
      2589
      2636
      2737
      2869
      3001
      2988
      3068
      3074
      3150
      3252
      3361
      3448
      3444
      3462
      3391
      3534
      3590
      3693
      3766
      3727
      3758
      3844
      3737
      3778
      3795
      3718
      3836
      3795
      3711
      3722
      3750
      3688
      3594
      3597
      3554
      3536
      3494
      3465
      3503
      3354
      3222
      3228
      3060
      3145
      2963
      2886
      2803
      2790
      2693
      2489
      2633
      2457
      2331
      2284
      2185
      2099
      1999
      1950
      1944
      1786
      1747
      1609
      1538
      1576
      1421
      1352
      1252
      1186
      1099
      1103
      1032
       950
       964
       876
       869
       830
       766
       738
       659
       606
       607
       535
       527
       526
       465
       408
       450
       404
       370
       361
       326
       305
       342
       292
       288
       286
       271
       274
       266
       249
       242
       265
       273
       258
       245
       263
       259
       246
       270
       259
       249
       283
       245
       295
       279
       292
       322
       330
       358
       347
       373
       407
       430
       441
       442
       536
       539
       559
       550
       585
       602
       625
       721
       735
       730
       766
       833
       883
       925
      1016
      1037
      1054
      1160
      1159
      1208
      1253
      1287
      1355
      1446
      1555
      1532
      1622
      1644
      1814
      1823
      1897
      1974
      2021
      2067
      2207
      2171
      2237
      2327
      2290
      2480
      2455
      2568
      2700
      2558
      2679
      2804
      2792
      2859
      2884
      2986
      3008
      2958
      3042
      3009
      3014
      3054
      3083
      2982
      3147
      3090
      3055
      3122
      3108
      3068
      3041
      3052
      2991
      2950
      2970
      2920
      2915
      2868
      2859
      2761
      2776
      2729
      2598
      2542
      2501
      2537
      2380
      2385
      2339
      2337
      2196
      2018
      1979
      1955
      1931
      1853
      1864
      1754
      1571
      1618
      1585
      1481
      1399
      1337
      1248
      1266
      1195
      1130
      1090
      1025
       977
       975
       829
       787
       791
       794
       653
       686
       592
       585
       484
       536
       495
       437
       403
       411
       404
       339
       295
       250
       259
       230
       227
       201
       192
       173
       157
       155
       147
       130
       126
       118
        80
       100
        97
        84
        68
        63
        62
        53
        45
        34
        40
        37
        30
        32
        24
        27
        21
        28
        14
        18
        12
        20
        13
        20
        10
         4
        10
        11
         9
         7
         4
         9
        12
        11
        11
         6
         7
         3
         3
         2
         3
         7
         8
         7
         5
         4
         0
         8
         3
         6
         3
         4
         4
         3
         3
         4
         5
         7
         9
         7
         5
         3
         4
         3
         6
         5
         1
         3
         3
         4
         7
         3
         6
         4
         7
         5
         1
         4
         5
         2
         1
         7
         3
         3
         8
         2
         4
         7
         1
         4
         3
         8
         9
         3
         8
         7
         5
         5
         4
         2
         9
         7
         2
         1
         3
         8
         4
         7
         2
         6
         8
         4
         4
         4
         4
         8
         6
         6
         5
         3
         8
         4
         6
         7
         3
         6
         4
         4
         2
         5
         2
         4
         3
         6
         2
         6
         3
         5
         4
         3
         7
         4
         4
        13
         6
         7
         4
         6
         4
         4
         5
         1
         4
         5
         4
         6
         1
         6
         4
         7
         7
         4
         6
         5
         3
         4
         4
         5
         3
         4
         5
         6
         5
         4
         6
         0
         3
         4
         6
         4
         6
         7
         2
         4
         5
         7
         4
         7
         3
         5
         2
         1
         5
         4
         4
         4
         4
         2
         1
         0
         5
         2
         3
         5
         6
         1
         5
         8
         2
         2
         6
         2
         1
         3
         4
         6
         3
         5
         5
         3
         6
         1
         5
         3
         3
         8
         2
         4
         3
         5
         5
         4
         4
         4
         2
         4
         3
         6
         4
         5
         5
         2
         3
         3
         5
         7
         3
         1
         6
         4
         4
         3
         2
         7
         2
         3
         5
         6
         2
         3
         2
         1
         5
         3
         4
         0
         7
         1
         7
         2
         5
         5
         3
         3
         1
         2
         4
         2
         2
         1
         1
         3
         1
         3
         2
         4
         7
         0
         0
         2
         7
         2
         5
         4
         4
         2
         2
         3
         4
         2
         1
         0
         4
         3
         1
         1
         1
         3
         2
         2
         4
         1
         1
         3
         2
         2
         2
         2
         2
         3
         6
         7
         6
         2
         2
         1
         4
         4
         2
         0
         2
         2
         3
         2
         5
         4
         3
         1
         2
         3
         7
         4
         3
         2
         3
         2
         4
         2
         4
         5
         3
         1
         6
         2
         2
         3
         3
         1
         2
         2
         2
         3
         4
         4
         3
         3
         4
         4
         2
         6
         3
         3
         0
         4
         4
         5
         1
         3
         3
         1
         3
         6
         3
         3
         3
         5
         3
         1
         2
         7
         2
         4
         1
         6
         2
         4
         3
         7
         4
         3
         3
         2
         4
         3
         2
         1
         3
         3
         3
         3
         0
         2
         3
         3
         4
         5
         4
         2
         6
         4
         2
         5
         6
         5
         4
         2
         7
         1
         1
         4
         4
         2
         8
         2
         5
         2
         4
         4
         6
         1
         4
         5
         3
         3
         3
         1
         3
         0
         4
         5
         3
         6
         2
         2
         3
         1
         0
         5
         2
         3
         3
         8
         1
         2
         3
         2
         3
         4
         1
         4
         0
         4
         1
         5
         4
         1
         8
         5
         2
         3
         2
         4
         2
         3
         3
         1
         2
         3
         4
         0
         5
         4
         3
         4
         2
         2
         5
         3
         4
         2
         0
         0
         1
         3
         2
         3
         2
         2
         1
         1
         5
         3
         2
         0
         1
         2
         0
         0
         2
         1
         0
         1
         2
         2
         2
         1
         2
         2
         2
         2
         3
         3
         1
         1
         1
         1
         3
         3
         2
         3
         1
         1
         1
         2
         2
         1
         2
         3
         4
         3
         4
         0
         3
         2
         4
         4
         3
         1
         5
         2
         2
         2
         2
         3
         1
         4
         2
         1
         3
         0
         2
         1
         0
         3
         2
         2
         0
         0
         4
         2
         1
         2
         6
         2
         4
         3
         3
         0
         3
         2
         6
         3
         3
         3
         0
         0
         3
         1
         3
         6
         0
         0
         3
         6
         3
         0
         3
         1
         5
         3
         3
         2
         1
         1
         2
         2
         3
         3
         1
         5
         5
         3
         5
         2
         1
         1
         4
         2
         1
         1
         2
         0
         3
         4
         5
         1
         3
         2
         2
         3
         2
         2
         1
         1
         3
         1
         2
         2
         2
         2
         1
         0
         3
         3
         2
         4
         2
         5
         2
         1
         2
         3
         3
         4
         3
         1
         3
         2
         1
         3
         1
         2
         5
         0
         0
         1
         0
         1
         2
         0
         4
         5
         1
         1
         0
         1
         2
         1
         2
         1
         1
         1
         1
         0
         2
         2
         0
         1
         0
         0
         0
         2
         3
         2
         2
         2
         4
         1
         2
         0
         2
         1
         0
         1
         0
         2
         0
         0
         1
         2
         2
         2
         0
         1
         2
         3
         3
         0
         1
         1
         1
         1
         1
         0
         0
         1
         3
         5
         0
         1
         1
         0
         1
         1
         0
         2
         0
         1
         1
         1
         0
         2
         2
         1
         3
         1
         1
         0
         4
         1
         0
         1
         1
         2
         0
         3
         1
         2
         2
         0
         0
         0
         0
         0
         1
         2
         1
         2
         1
         4
         0
         1
         1
         2
         1
         0
         0
         1
         1
         0
         2
         1
         1
         3
         1
         1
         2
         0
         4
         3
         3
         2
         1
         3
         1
         0
         3
         1
         0
         1
         0
         5
         0
         3
         2
         2
         0
         1
         2
         0
         1
         1
         2
         0
         1
         1
         0
         2
         0
         0
         0
         2
         1
         1
         1
         1
         1
         1
         1
         0
         1
         0
         0
         1
         1
         0
         1
         1
         0
         0
         2
         0
         4
         2
         1
         1
         0
         1
         1
         1
         0
         1
         1
         2
         2
         0
         1
         0
         1
         1
         0
         0
         1
         2
         0
         0
         0
         1
         0
         1
         1
         0
         2
         0
         2
         0
         1
         0
         0
         1
         2
         0
         0
         1
         0
         1
         2
         0
         1
         1
         0
         0
         1
         1
         0
         0
         1
         1
         0
         0
         0
         0
         0
         0
         1
         0
         2
         2
         1
         1
         2
         0
         0
         1
         0
         0
         0
         0
         0
         0
         1
         2
         0
         0
         0
         0
         1
         0
         0
         0
         1
         1
         0
         0
         0
         1
         0
         1
         0
         0
         1
         0
         1
         0
         0
         0
         0
         1
         0
         1
         1
         1
         1
         0
         0
         1
         0
         0
         0
         0
         1
         1
         0
         0
         0
         0
         1
         1
         1
         2
         1
         1
         0
         0
         2
         1
         0
         0
         0
         0
         0
         2
         1
         0
         0
         2
         1
         0
         1
         2
         3
         0
         2
         2
         2
         0
         0
         0
         0
         1
         0
         2
         1
         0
         1
         0
         1
         2
         1
         1
         2
         0
         0
         0
         0
         0
         1
         0
         2
         3
         1
         1
         0
         2
         0
         2
         0
         0
         2
         2
         1
         0
         2
         1
         1
         2
         2
         5
         0
         0
         1
         2
         1
         3
         3
         0
         1
         1
         3
         1
         1
         2
         2
         1
         1
         1
         3
         1
         4
         2
         5
         3
         3
         0
         3
         1
         4
         0
         3
         3
         2
         1
         3
         2
         1
         2
         1
         2
         1
         2
         2
         3
         3
         5
         2
         2
         1
         3
         3
         0
         2
         0
         0
         2
         0
         2
         1
         4
         3
         1
         1
         2
         0
         0
         5
         4
         4
         1
         0
         3
         2
         2
         3
         0
         3
         2
         4
         0
         2
         1
         2
         2
         2
         4
         1
         0
         2
         1
         2
         4
         3
         1
         0
         1
         0
         5
         2
         1
         0
         2
         1
         0
         2
         1
         2
         4
         1
         0
         0
         2
         0
         0
         3
         1
         0
         0
         0
         0
         1
         0
         0
         0
         1
         0
         0
         1
         0
         0
         0
         0
         0
         0
         0
         0
         0
         0
         1
         0
         0
         0
         0
         0
         0
         0
         0
         0
         0
         0
         0
         0
         2
         0
         0
         0
         0
         0
         0
         0
         0
         0
         0
         0
         0
         0
         0
         0
         0
         0
         0
         0
         1
         0
         0
         0
         0
         0
         0
         0
         0
         0
         0
         0
         0
         0
         0
         0
         0
         0
         0
         0
         0
         0
         0
         0
         0
         0
         0
         0
         0
         0
         0
         0
         0
         0
         0
         0
         0
         0
         0
         0
         0
         0
         0
         0
         0
         0
         0
         0
         0
         0
         0
         0
         0
         0
         0
         0
         0
         0
         0
         0
         0
         0
         0
         0
         0
         0
         0
         0
         0
         0
         0
         0
         0
         0
         0
         0
         0
         0
         0
         0
         0
         0
         0
         0
         0
         0
         0
         0
         0
         0
         0
         0
         0
         0
         0
         0
         0
         0
         0
         0
         0
         0
         0
         0
         0
         0
         0
         0
         0
         0
         0
         0
         0
         0
         0
         0
         0
         0
         0
         0
         0
         0
         0
         0
         0
         0
         0
         0
         0
         0
         0
         0
         0
         0
         0
         0
         0
         0
         0
         0
         0
         0
         0
         0
         0
         0
         0
         0
         0
         0
         0
         0
         0
         0
         0
         0
         0
         0
         0
         0
         0
         0
         0
         0
         0
         0
         0
         0
         0
         0
         0
         0
         0
         0
         0
         0
         0
         0
         0
         0
         0
         0
         0
         0
         0
         0
         0
         0
         0
         0
         0
         0
         0
         0
         0
         0
         0
         0
         0
         0
         0
         0
         0
         0
         0
         0
         0
         0
         0
         0
         0
         0
         0
         0
         0
         0
         0
         0
         0
         0
         0
         0
         0
         0
         0
         0
         0
         0
         0
         0
         0
         0
         0
         0
         0
         0
         0
         0
         0
         0
         0
         0
         0
         0
         0
         0
         0
         0
         0
         0
         0
         0
         0
         0
         0
         0
         0
         0
         0
         0
         0
         0
         0
         0
         0
         0
         0
         0
         0
         0
         0
         0
         0
         0
         0
         0
         0
         0
         0
         0
         0
         0
         0
         0
         0
         0
         0
         0
         0
         0
         0
         0
         0
         0
         0
         0
         0
         0
         0
         0
         0
         0
         0
         0
         0
         0
         0
         0
         0
         0
         0
         0
         0
         0
         0
         0
         0
         0
         0
         0
         0
         0
         0
         0
         0
         0
         0
         0
         0
         0
         0
         0
         0
         0
         0
         0
         0
         0
         0
         0
         0
         0
         0
         0
         0
         0
         0
         0
         0
         0
         0
         0
         0
         0
         0
         0
         0
         0
         0
         0
         0
         0
         0
         0
         0
         0
         0
         0
         0
         0
         0
