         0
         0
         0
         0
         0
         0
         0
         0
         0
         0
      1106
      1172
      1170
      1149
      1177
      1126
      1111
      1066
      1092
      1092
      1108
      1107
      1141
      1111
      1157
      1192
      1086
      1102
      1105
      1105
      1129
      1125
      1032
      1106
      1102
      1172
      1185
      1161
      1152
      1138
      1106
      1181
      1126
      1203
      1159
      1215
      1145
      1159
      1167
      1106
      1149
      1183
      1074
      1141
      1106
      1094
      1133
      1089
      1112
      1123
      1085
      1166
      1156
      1178
      1242
      1177
      1143
      1212
      1220
      1143
      1270
      1272
      1237
      1273
      1278
      1360
      1262
      1274
      1339
      1358
      1351
      1358
      1426
      1327
      1350
      1389
      1460
      1397
      1442
      1481
      1497
      1503
      1522
      1580
      1616
      1581
      1593
      1624
      1646
      1761
      1695
      1704
      1805
      1815
      1878
      1849
      1984
      1941
      1980
      1960
      2084
      2078
      2049
      2136
      2142
      2164
      2106
      2274
      2294
      2247
      2342
      2411
      2417
      2437
      2491
      2414
      2492
      2558
      2522
      2589
      2532
      2559
      2542
      2500
      2706
      2795
      2653
      2640
      2692
      2708
      2714
      2698
      2667
      2688
      2762
      2709
      2687
      2809
      2819
      2793
      2718
      2795
      2795
      2758
      2784
      2895
      2812
      2829
      2847
      2793
      2825
      2882
      2791
      2837
      2778
      2791
      2770
      2872
      2828
      2760
      2783
      2967
      2770
      2879
      2857
      2820
      2864
      2877
      2811
      2843
      2831
      2959
      2860
      2904
      2883
      2827
      2827
      2870
      2855
      2843
      2953
      2921
      2885
      2925
      2899
      2962
      2945
      2937
      2912
      2981
      2960
      3038
      2950
      2983
      2927
      3013
      2930
      2902
      2963
      2982
      3050
      2931
      2860
      3025
      3161
      2964
      2943
      3090
      2993
      2988
      3017
      3163
      2993
      2943
      3022
      2931
      2847
      2979
      3026
      2893
      3016
      3022
      2975
      3039
      2874
      2961
      2946
      2918
      2980
      2910
      2906
      2816
      2938
      2872
      2865
      2791
      2850
      2847
      2718
      2811
      2804
      2793
      2741
      2802
      2726
      2711
      2656
      2692
      2644
      2655
      2725
      2596
      2721
      2624
      2506
      2558
      2560
      2598
      2627
      2510
      2593
      2564
      2547
      2465
      2471
      2512
      2485
      2516
      2627
      2552
      2525
      2398
      2490
      2569
      2496
      2452
      2462
      2503
      2440
      2439
      2518
      2386
      2391
      2477
      2493
      2410
      2393
      2386
      2411
      2361
      2390
      2274
      2323
      2283
      2296
      2346
      2378
      2289
      2270
      2327
      2304
      2262
      2221
      2236
      2240
      2297
      2144
      2167
      2174
      2183
      2194
      2250
      2222
      2246
      2222
      2070
      2238
      2181
      2144
      2159
      2099
      2125
      2257
      2180
      2149
      2202
      2161
      2171
      2107
      2107
      2137
      2148
      2142
      2109
      2166
      2064
      2066
      2082
      1982
      2079
      2096
      2010
      2039
      2022
      2024
      1996
      2049
      1971
      2037
      2009
      1894
      1973
      2026
      1895
      1917
      1913
      2002
      1964
      1969
      1888
      1888
      1956
      1917
      1943
      1904
      1845
      1855
      1905
      1863
      1920
      1821
      1885
      1874
      1889
      1908
      1996
      1870
      1870
      1931
      1908
      1932
      1889
      1894
      1784
      1845
      1838
      1826
      1795
      1825
      1800
      1793
      1785
      1768
      1789
      1749
      1770
      1735
      1763
      1693
      1735
      1676
      1705
      1758
      1787
      1704
      1785
      1667
      1722
      1732
      1680
      1683
      1731
      1690
      1673
      1723
      1665
      1730
      1645
      1688
      1635
      1672
      1602
      1622
      1652
      1735
      1676
      1662
      1667
      1506
      1615
      1631
      1595
      1551
      1602
      1571
      1509
      1566
      1514
      1574
      1593
      1585
      1505
      1498
      1552
      1541
      1524
      1534
      1506
      1528
      1396
      1497
      1527
      1409
      1505
      1440
      1453
      1482
      1461
      1524
      1400
      1464
      1525
      1445
      1456
      1456
      1441
      1469
      1474
      1404
      1473
      1534
      1480
      1472
      1445
      1427
      1441
      1462
      1458
      1403
      1504
      1467
      1427
      1465
      1448
      1480
      1398
      1445
      1409
      1392
      1512
      1452
      1473
      1501
      1382
      1477
      1439
      1427
      1435
      1431
      1423
      1390
      1366
      1442
      1372
      1448
      1469
      1428
      1392
      1391
      1409
      1441
      1416
      1353
      1369
      1375
      1364
      1391
      1317
      1381
      1370
      1355
      1330
      1359
      1406
      1379
      1314
      1271
      1351
      1291
      1251
      1329
      1286
      1290
      1321
      1297
      1277
      1289
      1297
      1254
      1241
      1320
      1282
      1329
      1263
      1293
      1249
      1293
      1317
      1274
      1279
      1325
      1233
      1245
      1245
      1178
      1218
      1282
      1254
      1278
      1202
      1261
      1275
      1242
      1226
      1331
      1232
      1251
      1260
      1241
      1231
      1314
      1243
      1264
      1178
      1272
      1202
      1198
      1181
      1271
      1214
      1212
      1202
      1208
      1191
      1169
      1215
      1182
      1162
      1255
      1216
      1174
      1203
      1221
      1178
      1194
      1116
      1110
      1206
      1206
      1214
      1174
      1096
      1182
      1169
      1187
      1133
      1131
      1222
      1117
      1140
      1153
      1169
      1168
      1135
      1110
      1088
      1132
      1161
      1154
      1109
      1100
      1142
      1112
      1073
      1115
      1146
      1096
      1092
      1056
      1165
      1110
      1145
      1121
      1125
      1092
      1101
      1042
      1162
      1064
      1060
      1036
      1112
      1093
      1111
      1133
      1109
      1052
      1197
      1059
      1092
      1078
      1081
      1059
      1068
      1087
      1123
      1090
      1151
      1087
      1097
      1091
      1146
      1061
      1089
      1062
      1088
      1055
      1078
      1092
      1081
      1034
      1077
      1080
      1080
      1083
      1082
      1037
      1105
      1080
      1028
      1054
      1088
      1063
      1073
      1024
      1089
      1111
      1041
      1029
      1126
      1013
      1037
       973
      1010
      1030
       994
      1039
      1002
       952
      1047
      1014
      1046
      1018
       991
      1027
      1033
      1041
      1032
      1082
      1005
       958
      1073
       984
      1005
      1019
       999
      1070
      1008
      1017
       939
      1038
       999
      1001
       985
      1037
       963
      1060
      1036
      1030
       998
       994
      1035
       972
      1031
       951
       995
       987
      1028
       960
      1007
       952
      1014
       944
       993
      1026
       989
       990
      1004
       984
       958
       932
      1019
       976
      1005
      1016
       996
      1006
       943
       978
       963
       989
       964
       982
       914
      1006
       975
       994
       975
      1013
       988
       988
       924
       970
       985
       982
       979
      1008
       999
      1015
       984
       960
      1008
       949
       999
       990
       974
       953
       950
      1015
       950
       982
       960
       916
      1036
       965
       942
       940
       957
       975
       977
       968
       960
      1000
       945
       982
       983
       989
       991
       949
       973
       947
       974
       994
       938
       993
      1012
       957
       935
       974
       934
       945
       967
       994
       994
       931
       967
       930
      1022
      1013
       966
       910
       959
       967
      1005
       957
       954
       979
       997
       931
       884
      1011
       968
       978
       955
       910
       905
       908
       961
       940
       955
      1002
       918
       905
       941
       945
       962
       919
       908
       914
       973
       913
       980
       921
       888
       960
       894
       923
       889
       876
       945
       965
       913
       929
       981
       932
       955
       858
      1010
       977
       968
       942
       916
       904
       937
       931
       942
       953
       926
       924
       917
       907
       906
       929
       899
       961
       905
       873
       925
       912
       889
       880
       935
       889
       914
       978
       960
       967
       954
       880
       880
       862
       919
       957
       932
       920
       881
       952
       855
       928
       890
       880
       881
       828
       918
       876
       856
       895
       974
       902
       867
       842
       969
       896
       875
       897
       877
       848
       839
       865
       843
       847
       870
       764
       812
       822
       785
       767
       786
       805
       773
       761
       763
       841
       815
       737
       767
       710
       751
       754
       737
       786
       775
       748
       783
       761
       682
       714
       725
       733
       689
       708
       702
       743
       765
       708
       691
       738
       711
       684
       762
       731
       692
       691
       721
       669
       691
       722
       680
       705
       694
       662
       652
       707
       657
       671
       655
       711
       645
       695
       717
       677
       671
       670
       689
       684
       708
       698
       646
       694
       685
       672
       683
       730
       669
       665
       640
       671
       665
       692
       664
       638
       658
       690
       652
       724
       665
       652
       696
       670
       628
       706
       673
       721
       674
       660
       651
       664
       658
       671
       622
       625
       637
       644
       640
       631
       658
       652
       674
       656
       658
       652
       614
       673
       650
       627
       627
       659
       657
       631
       640
       656
       619
       607
       627
       667
       635
       651
       643
       617
       619
       616
       662
       615
       586
       600
       586
       609
       612
       638
       676
       604
       641
       596
       654
       636
       604
       614
       631
       617
       630
       583
       629
       634
       651
       618
       668
       629
       648
       641
       688
       664
       654
       681
       693
       755
       637
       710
       748
       740
       729
       769
       847
       858
       856
       843
       869
       882
       889
       916
       946
       983
      1043
      1061
      1012
      1159
      1149
      1166
      1186
      1251
      1215
      1314
      1372
      1444
      1410
      1500
      1487
      1550
      1600
      1576
      1629
      1728
      1741
      1746
      1843
      1837
      1900
      1907
      1955
      2026
      2048
      2027
      1993
      2147
      2148
      2140
      2142
      2238
      2196
      2177
      2277
      2207
      2232
      2207
      2156
      2219
      2248
      2121
      2103
      2144
      2122
      2080
      2049
      2124
      1950
      2044
      2042
      1886
      1827
      1812
      1788
      1770
      1785
      1744
      1609
      1614
      1612
      1460
      1519
      1399
      1267
      1302
      1276
      1229
      1193
      1180
      1135
      1059
      1034
       969
       903
       937
       907
       824
       771
       760
       685
       661
       627
       629
       594
       582
       584
       490
       499
       478
       437
       416
       395
       338
       400
       330
       293
       311
       310
       261
       279
       275
       243
       227
       247
       241
       230
       239
       225
       195
       215
       208
       188
       194
       230
       199
       207
       191
       206
       186
       201
       203
       224
       212
       220
       212
       239
       230
       248
       260
       252
       285
       271
       264
       289
       291
       331
       317
       353
       378
       379
       398
       421
       439
       482
       471
       533
       503
       549
       577
       577
       601
       626
       675
       703
       692
       809
       743
       813
       847
       820
       894
       933
       998
       971
      1040
      1124
      1142
      1204
      1241
      1302
      1197
      1262
      1318
      1376
      1429
      1410
      1455
      1523
      1546
      1638
      1668
      1629
      1638
      1582
      1651
      1626
      1719
      1776
      1752
      1823
      1892
      1786
      1790
      1747
      1812
      1839
      1880
      1858
      1802
      1803
      1802
      1825
      1811
      1734
      1731
      1729
      1672
      1715
      1705
      1551
      1562
      1615
      1562
      1510
      1493
      1461
      1378
      1364
      1353
      1262
      1231
      1217
      1120
      1129
      1127
      1050
      1038
       938
       932
       876
       913
       850
       829
       789
       748
       673
       697
       679
       595
       568
       604
       560
       507
       472
       501
       389
       401
       375
       379
       325
       273
       272
       260
       248
       230
       228
       220
       197
       164
       144
       161
       133
       125
       131
       101
        87
        98
        91
        88
        65
        71
        75
        69
        44
        60
        48
        40
        37
        27
        37
        23
        38
        30
        27
        18
        18
        18
        12
        10
        12
        11
        11
         3
        10
         4
        10
         9
         6
         9
         8
         4
         6
         7
         6
         6
         7
         4
         4
         5
         4
         5
         7
         3
         6
         7
         7
         4
         3
         5
         3
         1
         3
         3
         4
         5
         0
         5
         4
         7
         2
         4
         2
         1
         2
         3
         5
         5
         4
         3
         6
         4
         2
         4
         4
         5
         4
         5
         3
         2
         4
         5
         4
         5
         6
         1
         6
         4
         3
         6
         3
         2
         2
         4
         2
         4
         1
        10
         4
         2
         3
         3
         3
         1
         2
         1
         4
         2
         5
         1
         2
         3
         1
         1
         2
         0
         1
         0
         2
         1
         4
         1
         1
         5
         1
         5
         4
         4
         5
         3
         1
         0
         4
         3
         1
         1
         0
         1
         1
         4
         1
         4
         5
         1
         1
         1
         3
         4
         1
         0
         2
         1
         1
         4
         1
         0
         3
         4
         4
         4
         4
         4
         0
         3
         2
         4
         4
         1
         2
         2
         1
         5
         3
         1
         0
         3
         1
         2
         5
         4
         3
         1
         3
         5
         0
         3
         1
         2
         1
         1
         4
         2
         2
         4
         1
         5
         4
         1
         2
         2
         3
         2
         3
         0
         3
         2
         1
         1
         3
         2
         0
         1
         3
         1
         2
         5
         2
         0
         0
         0
         2
         5
         2
         2
         5
         1
         0
         5
         1
         3
         2
         2
         1
         4
         1
         2
         3
         4
         0
         1
         1
         3
         2
         3
         3
         2
         1
         0
         4
         3
         3
         2
         1
         2
         4
         1
         3
         1
         1
         2
         2
         1
         1
         2
         1
         2
         3
         1
         4
         6
         5
         3
         4
         4
         6
         4
         3
         3
         2
         1
         3
         2
         5
         1
         5
         1
         2
         4
         1
         1
         3
         1
         0
         0
         5
         4
         1
         1
         4
         0
         2
         3
         0
         4
         2
         1
         0
         1
         1
         4
         0
         1
         1
         3
         3
         2
         3
         1
         1
         3
         0
         3
         0
         0
         4
         0
         2
         0
         2
         2
         2
         3
         0
         4
         4
         6
         2
         0
         1
         1
         0
         1
         1
         0
         2
         2
         3
         5
         1
         2
         1
         2
         1
         0
         1
         3
         4
         2
         2
         0
         3
         1
         0
         0
         2
         1
         7
         2
         1
         3
         2
         2
         2
         3
         3
         2
         1
         1
         1
         0
         1
         1
         2
         3
         3
         1
         0
         3
         1
         2
         0
         0
         2
         0
         2
         1
         1
         2
         3
         1
         2
         3
         2
         1
         2
         1
         1
         2
         0
         3
         3
         3
         0
         5
         3
         4
         5
         0
         2
         1
         1
         4
         3
         5
         3
         1
         1
         1
         2
         3
         4
         2
         1
         2
         6
         2
         3
         4
         3
         0
         3
         1
         3
         4
         1
         5
         2
         1
         6
         3
         1
         2
         2
         0
         2
         1
         2
         1
         3
         4
         2
         1
         2
         3
         0
         4
         0
         1
         4
         1
         1
         2
         2
         1
         2
         2
         2
         1
         1
         1
         1
         0
         3
         0
         2
         1
         1
         0
         1
         2
         1
         1
         2
         0
         1
         2
         1
         4
         2
         0
         3
         1
         1
         1
         3
         1
         1
         1
         1
         2
         0
         3
         1
         3
         1
         1
         3
         0
         1
         0
         1
         1
         1
         2
         1
         1
         0
         1
         0
         0
         0
         1
         0
         2
         1
         3
         0
         1
         2
         0
         1
         1
         0
         0
         1
         2
         1
         2
         1
         0
         1
         0
         0
         2
         1
         0
         2
         0
         2
         1
         2
         1
         0
         1
         1
         1
         0
         0
         1
         2
         1
         2
         1
         0
         1
         0
         1
         0
         0
         3
         1
         0
         2
         0
         3
         0
         1
         1
         2
         0
         0
         0
         2
         0
         2
         0
         1
         1
         0
         0
         1
         2
         1
         2
         0
         2
         1
         0
         1
         2
         1
         1
         1
         1
         1
         1
         0
         1
         0
         0
         2
         1
         1
         3
         1
         2
         0
         0
         0
         2
         1
         1
         0
         0
         0
         2
         1
         1
         1
         0
         1
         2
         2
         1
         0
         1
         0
         0
         1
         0
         0
         0
         1
         0
         0
         1
         1
         0
         1
         0
         0
         1
         0
         0
         3
         0
         2
         1
         1
         2
         0
         0
         0
         0
         1
         0
         0
         0
         0
         0
         1
         0
         0
         0
         0
         1
         0
         0
         0
         1
         2
         1
         0
         0
         1
         1
         0
         1
         0
         0
         1
         1
         0
         0
         1
         0
         2
         1
         0
         0
         0
         1
         0
         1
         2
         0
         0
         0
         2
         0
         1
         3
         1
         0
         0
         1
         2
         0
         3
         0
         1
         0
         0
         3
         1
         1
         0
         2
         1
         2
         2
         1
         0
         1
         2
         1
         0
         0
         0
         2
         2
         2
         0
         0
         1
         0
         1
         1
         0
         1
         0
         0
         0
         0
         2
         1
         1
         1
         0
         1
         0
         1
         2
         1
         0
         2
         2
         1
         2
         0
         0
         0
         0
         0
         0
         2
         1
         2
         1
         1
         1
         1
         0
         1
         2
         0
         1
         1
         1
         0
         0
         3
         0
         1
         0
         0
         2
         1
         1
         2
         0
         0
         1
         1
         1
         0
         1
         1
         0
         1
         1
         1
         0
         1
         2
         0
         2
         2
         1
         1
         0
         1
         2
         0
         1
         0
         1
         0
         0
         2
         2
         0
         0
         0
         0
         0
         0
         0
         3
         1
         0
         1
         0
         0
         0
         2
         2
         0
         2
         0
         0
         0
         0
         0
         0
         2
         0
         0
         1
         1
         0
         0
         1
         1
         1
         0
         1
         0
         1
         0
         0
         0
         0
         1
         0
         1
         0
         0
         1
         1
         1
         0
         1
         0
         0
         0
         0
         1
         1
         2
         0
         0
         0
         0
         0
         1
         0
         2
         0
         1
         1
         0
         0
         0
         1
         0
         1
         0
         0
         0
         0
         1
         1
         0
         1
         1
         0
         1
         0
         2
         0
         2
         0
         0
         0
         1
         1
         1
         1
         0
         1
         2
         0
         1
         0
         0
         0
         0
         0
         0
         0
         0
         0
         0
         1
         1
         0
         2
         1
         0
         0
         0
         0
         0
         0
         0
         0
         0
         0
         0
         0
         1
         1
         1
         0
         0
         1
         0
         0
         1
         1
         0
         0
         1
         0
         1
         0
         0
         0
         0
         0
         2
         1
         0
         1
         0
         0
         0
         1
         1
         0
         0
         0
         0
         1
         0
         0
         0
         0
         1
         1
         1
         0
         1
         0
         1
         0
         0
         0
         0
         0
         1
         0
         0
         0
         0
         0
         0
         0
         0
         0
         2
         0
         1
         1
         1
         0
         0
         0
         0
         1
         0
         0
         0
         0
         0
         1
         0
         1
         0
         0
         1
         0
         0
         0
         0
         0
         0
         1
         0
         1
         1
         0
         0
         0
         0
         2
         0
         0
         0
         0
         1
         2
         0
         1
         0
         0
         1
         1
         1
         0
         0
         1
         1
         1
         0
         0
         0
         0
         0
         0
         2
         0
         1
         0
         0
         0
         1
         1
         1
         2
         0
         0
         0
         0
         0
         0
         0
         2
         1
         0
         0
         0
         1
         0
         0
         2
         1
         2
         0
         0
         0
         0
         0
         1
         1
         0
         0
         0
         1
         0
         0
         0
         1
         0
         0
         0
         0
         1
         0
         0
         0
         0
         2
         0
         0
         0
         0
         0
         0
         0
         0
         0
         0
         1
         0
         0
         0
         0
         0
         0
         1
         0
         0
         1
         0
         0
         0
         1
         0
         0
         0
         0
         1
         0
         0
         0
         0
         0
         1
         0
         0
         0
         0
         0
         1
         0
         0
         0
         0
         0
         0
         0
         0
         0
         0
         0
         0
         0
         0
         0
         0
         0
         0
         0
         0
         0
         0
         0
         0
         0
         0
         0
         0
         0
         0
         0
         0
         0
         0
         0
         0
         0
         0
         0
         0
         0
         0
         0
         0
         0
         0
         0
         0
         0
         0
         0
         0
         0
         0
         0
         0
         0
         0
         0
         0
         0
         0
         0
         0
         0
         0
         0
         0
         0
         0
         0
         0
         0
         0
         0
         0
         0
         0
         0
         0
         0
         0
         0
         0
         0
         0
         0
         0
         0
         0
         0
         0
         0
         0
         0
         0
         0
         0
         0
         0
         0
         0
         0
         0
         0
         0
         0
         0
         0
         0
         0
         0
         0
         0
         0
         0
         0
         0
         0
         0
         0
         0
         0
         0
         0
         0
         0
         0
         0
         0
         0
         0
         0
         0
         0
         0
         0
         0
         0
         0
         0
         0
         0
         0
         0
         0
         0
         0
         0
         0
         0
         0
         0
         0
         0
         0
         0
         0
         0
         0
         0
         0
         0
         0
         0
         0
         0
         0
         0
         0
         0
         0
         0
         0
         0
         0
         0
         0
         0
         0
         0
         0
         0
         0
         0
         0
         0
         0
         0
         0
         0
         0
         0
         0
         0
         0
         0
         0
         0
         0
         0
         0
         0
         0
         0
         0
         0
         0
         0
         0
         0
         0
         0
         0
         0
         0
         0
         0
         0
         0
         0
         0
         0
         0
         0
         0
         0
         0
         0
         0
         0
         0
         0
         0
         0
         0
         0
         0
         0
         0
         0
         0
         0
         0
         0
         0
         0
         0
         0
         0
         0
         0
         0
         0
         0
         0
         0
         0
         0
         0
         0
         0
         0
         0
         0
         0
         0
         0
         0
         0
         0
         0
         0
         0
         0
         0
         0
         0
         0
         0
         0
         0
         0
         0
         0
         0
         0
         0
         0
         0
         0
         0
         0
         0
         0
         0
         0
         0
         0
         0
         0
         0
         0
         0
         0
         0
         0
         0
         0
         0
         0
         0
         0
         0
         0
         0
         0
         0
         0
         0
         0
         0
         0
         0
         0
         0
         0
         0
         0
         0
         0
         0
         0
         0
         0
         0
         0
         0
         0
         0
         0
         0
         0
         0
         0
         0
         0
         0
         0
         0
         0
         0
         0
         0
         0
         0
         0
         0
         0
         0
         0
         0
         0
         0
         0
         0
         0
         0
         0
         0
         0
         0
         0
         0
         0
         0
         0
         0
         0
         0
         0
         0
         0
         0
         0
         0
         0
         0
         0
         0
         0
         0
         0
         0
         0
         0
         0
         0
         0
         0
         0
         0
         0
         0
         0
         0
         0
         0
