         0
         0
         0
         0
         0
         0
         0
         0
         0
         0
      1007
       982
      1034
      1150
      1180
      1080
      1098
      1158
      1081
      1145
      1069
      1060
      1037
      1124
      1127
      1137
      1153
      1166
      1164
      1233
      1178
      1253
      1226
      1162
      1229
      1238
      1173
      1183
      1210
      1208
      1133
      1223
      1140
      1230
      1145
      1106
      1162
      1084
      1110
      1131
      1088
      1104
      1123
      1140
      1112
      1175
      1125
      1191
      1254
      1156
      1227
      1244
      1136
      1204
      1189
      1155
      1176
      1182
      1203
      1129
      1148
      1177
      1144
      1182
      1115
      1202
      1233
      1193
      1165
      1198
      1154
      1160
      1169
      1216
      1182
      1191
      1151
      1211
      1099
      1244
      1253
      1216
      1232
      1202
      1260
      1306
      1228
      1222
      1179
      1280
      1245
      1255
      1262
      1271
      1292
      1285
      1237
      1226
      1260
      1227
      1248
      1285
      1290
      1269
      1238
      1176
      1277
      1268
      1289
      1266
      1286
      1290
      1340
      1273
      1280
      1298
      1278
      1325
      1302
      1296
      1326
      1297
      1339
      1319
      1293
      1261
      1260
      1191
      1325
      1331
      1201
      1332
      1334
      1213
      1345
      1285
      1281
      1265
      1333
      1310
      1261
      1303
      1258
      1274
      1244
      1249
      1286
      1248
      1238
      1291
      1229
      1245
      1238
      1200
      1259
      1254
      1238
      1234
      1206
      1201
      1279
      1275
      1226
      1180
      1192
      1272
      1256
      1293
      1279
      1246
      1258
      1228
      1254
      1264
      1263
      1171
      1269
      1238
      1266
      1266
      1335
      1255
      1246
      1391
      1397
      1343
      1378
      1356
      1374
      1394
      1395
      1458
      1446
      1494
      1455
      1394
      1527
      1567
      1573
      1605
      1552
      1580
      1775
      1682
      1680
      1680
      1777
      1661
      1758
      1828
      1732
      1776
      1769
      1843
      1834
      1804
      1774
      1746
      1819
      1837
      1744
      1792
      1793
      1754
      1711
      1761
      1776
      1817
      1783
      1769
      1806
      1787
      1731
      1716
      1757
      1704
      1731
      1721
      1727
      1750
      1677
      1699
      1629
      1712
      1688
      1673
      1676
      1626
      1629
      1651
      1623
      1664
      1709
      1637
      1659
      1589
      1574
      1642
      1660
      1615
      1615
      1605
      1632
      1638
      1682
      1650
      1658
      1616
      1648
      1559
      1594
      1614
      1627
      1597
      1637
      1621
      1524
      1565
      1582
      1587
      1608
      1559
      1612
      1612
      1636
      1492
      1541
      1534
      1545
      1503
      1564
      1627
      1453
      1631
      1540
      1558
      1631
      1587
      1505
      1525
      1578
      1526
      1508
      1483
      1507
      1573
      1516
      1474
      1497
      1565
      1494
      1511
      1490
      1488
      1473
      1409
      1369
      1424
      1482
      1431
      1418
      1393
      1328
      1375
      1393
      1379
      1447
      1466
      1398
      1423
      1388
      1383
      1363
      1361
      1333
      1413
      1386
      1347
      1369
      1348
      1332
      1407
      1379
      1418
      1320
      1367
      1385
      1365
      1330
      1355
      1408
      1360
      1337
      1369
      1377
      1413
      1297
      1407
      1414
      1335
      1331
      1367
      1395
      1297
      1352
      1411
      1363
      1408
      1365
      1358
      1367
      1345
      1443
      1406
      1337
      1395
      1332
      1418
      1318
      1388
      1351
      1402
      1414
      1399
      1325
      1450
      1418
      1373
      1361
      1340
      1357
      1347
      1358
      1297
      1382
      1329
      1357
      1261
      1357
      1356
      1364
      1277
      1364
      1324
      1312
      1405
      1285
      1290
      1311
      1289
      1351
      1405
      1278
      1308
      1289
      1381
      1264
      1345
      1294
      1319
      1269
      1256
      1324
      1304
      1210
      1273
      1274
      1273
      1234
      1283
      1227
      1230
      1231
      1274
      1309
      1277
      1267
      1287
      1319
      1265
      1325
      1295
      1296
      1312
      1267
      1274
      1220
      1277
      1253
      1251
      1301
      1315
      1303
      1260
      1257
      1244
      1240
      1270
      1300
      1311
      1185
      1212
      1249
      1281
      1274
      1231
      1288
      1251
      1232
      1237
      1277
      1245
      1339
      1238
      1263
      1303
      1276
      1307
      1249
      1254
      1235
      1233
      1238
      1306
      1308
      1271
      1334
      1263
      1291
      1310
      1304
      1275
      1324
      1231
      1256
      1215
      1274
      1241
      1307
      1239
      1251
      1249
      1255
      1204
      1305
      1314
      1247
      1274
      1212
      1261
      1230
      1307
      1271
      1285
      1308
      1277
      1285
      1280
      1248
      1274
      1229
      1233
      1264
      1249
      1288
      1207
      1270
      1229
      1261
      1298
      1332
      1307
      1283
      1248
      1242
      1320
      1243
      1246
      1204
      1316
      1255
      1269
      1294
      1286
      1244
      1282
      1238
      1283
      1239
      1257
      1248
      1281
      1296
      1268
      1251
      1274
      1252
      1239
      1216
      1266
      1238
      1216
      1341
      1206
      1302
      1228
      1232
      1225
      1237
      1201
      1272
      1251
      1198
      1204
      1179
      1230
      1245
      1244
      1258
      1236
      1258
      1214
      1213
      1233
      1297
      1202
      1155
      1201
      1235
      1251
      1197
      1217
      1199
      1229
      1158
      1159
      1284
      1225
      1203
      1211
      1230
      1264
      1254
      1238
      1269
      1213
      1208
      1246
      1252
      1207
      1192
      1263
      1189
      1272
      1248
      1234
      1252
      1231
      1239
      1189
      1228
      1301
      1295
      1270
      1227
      1227
      1277
      1270
      1256
      1264
      1306
      1240
      1258
      1300
      1329
      1274
      1330
      1279
      1256
      1257
      1285
      1280
      1281
      1275
      1335
      1274
      1223
      1281
      1277
      1340
      1306
      1338
      1250
      1375
      1295
      1280
      1256
      1254
      1258
      1273
      1278
      1340
      1311
      1306
      1317
      1330
      1322
      1323
      1294
      1276
      1239
      1355
      1361
      1311
      1311
      1255
      1364
      1309
      1233
      1291
      1262
      1269
      1330
      1267
      1256
      1291
      1336
      1272
      1246
      1263
      1356
      1378
      1393
      1303
      1312
      1288
      1408
      1292
      1306
      1316
      1278
      1328
      1280
      1290
      1256
      1369
      1340
      1247
      1247
      1347
      1344
      1306
      1368
      1296
      1286
      1308
      1270
      1310
      1314
      1391
      1349
      1321
      1270
      1385
      1338
      1400
      1325
      1296
      1320
      1325
      1314
      1316
      1355
      1351
      1332
      1302
      1340
      1412
      1341
      1314
      1323
      1353
      1319
      1335
      1373
      1391
      1253
      1339
      1351
      1324
      1352
      1317
      1333
      1364
      1352
      1357
      1424
      1395
      1280
      1322
      1412
      1403
      1355
      1348
      1356
      1373
      1392
      1331
      1383
      1348
      1333
      1391
      1429
      1362
      1422
      1359
      1351
      1381
      1410
      1339
      1386
      1444
      1458
      1406
      1389
      1468
      1453
      1372
      1433
      1444
      1419
      1473
      1466
      1384
      1443
      1385
      1461
      1456
      1427
      1473
      1499
      1475
      1480
      1419
      1510
      1484
      1441
      1453
      1467
      1492
      1456
      1513
      1507
      1537
      1457
      1386
      1439
      1465
      1489
      1508
      1503
      1400
      1426
      1473
      1509
      1458
      1520
      1492
      1417
      1454
      1486
      1499
      1485
      1381
      1465
      1432
      1528
      1463
      1510
      1552
      1506
      1496
      1522
      1422
      1444
      1471
      1480
      1416
      1509
      1471
      1469
      1423
      1422
      1508
      1471
      1455
      1549
      1445
      1582
      1508
      1511
      1515
      1535
      1494
      1495
      1462
      1523
      1488
      1444
      1515
      1509
      1438
      1569
      1484
      1545
      1605
      1479
      1512
      1503
      1524
      1527
      1577
      1465
      1517
      1585
      1602
      1530
      1530
      1570
      1608
      1635
      1526
      1554
      1548
      1615
      1578
      1618
      1560
      1611
      1588
      1539
      1545
      1593
      1583
      1582
      1690
      1554
      1523
      1584
      1541
      1570
      1557
      1589
      1614
      1549
      1623
      1533
      1597
      1569
      1515
      1544
      1526
      1568
      1561
      1563
      1624
      1582
      1553
      1558
      1545
      1568
      1517
      1469
      1541
      1497
      1513
      1514
      1487
      1461
      1388
      1535
      1473
      1454
      1495
      1483
      1433
      1397
      1426
      1457
      1404
      1381
      1365
      1440
      1403
      1400
      1356
      1281
      1321
      1331
      1297
      1244
      1297
      1218
      1234
      1219
      1227
      1203
      1279
      1248
      1291
      1195
      1216
      1155
      1118
      1179
      1186
      1147
      1174
      1109
      1148
      1084
      1150
      1095
      1163
      1066
      1151
      1104
      1107
      1066
      1066
      1081
      1061
      1021
      1048
      1099
      1061
      1060
      1035
       998
      1028
      1025
      1069
       930
      1041
      1006
       967
      1025
       999
      1031
      1058
      1006
      1004
       997
      1010
       992
       970
      1000
       977
       968
       984
       977
      1017
       988
       936
       967
       988
       976
       999
      1006
      1013
       972
       928
      1012
      1050
       964
       957
      1019
       969
       949
      1005
      1007
      1034
       953
       985
       977
       959
       948
       939
       992
       972
       987
       987
       935
       931
      1010
       976
       947
       950
       943
       976
       989
       979
       946
       888
       913
       899
       961
       905
       975
       952
       880
       918
       886
       927
       937
       894
       887
       945
       907
       914
       871
       952
       926
       912
       903
       938
       941
      1007
       935
       906
       953
       978
       959
       965
      1018
       988
      1012
      1068
      1047
      1040
      1030
      1065
      1172
      1115
      1140
      1230
      1354
      1338
      1322
      1408
      1395
      1543
      1589
      1575
      1650
      1666
      1757
      1912
      2028
      2058
      2132
      2211
      2290
      2357
      2488
      2587
      2783
      2799
      2982
      3030
      3214
      3385
      3394
      3476
      3641
      3860
      3831
      4027
      4170
      4295
      4431
      4503
      4545
      4697
      4818
      4982
      5122
      5204
      5254
      5351
      5566
      5522
      5818
      5676
      5839
      5724
      5791
      5900
      5960
      5967
      6002
      5979
      5910
      5950
      6028
      6078
      6072
      5901
      5912
      5881
      5856
      5683
      5665
      5480
      5689
      5485
      5229
      5314
      5044
      4957
      4910
      4742
      4726
      4392
      4377
      4230
      4135
      3890
      3723
      3639
      3489
      3496
      3349
      3066
      3051
      2936
      2790
      2773
      2626
      2425
      2310
      2154
      2051
      1956
      1765
      1698
      1646
      1546
      1517
      1432
      1329
      1265
      1125
      1034
      1016
       940
       909
       845
       739
       727
       708
       644
       594
       552
       499
       508
       468
       452
       420
       392
       362
       355
       330
       291
       284
       299
       268
       277
       250
       290
       270
       246
       262
       242
       290
       291
       290
       319
       293
       325
       329
       320
       356
       410
       397
       414
       431
       486
       478
       517
       561
       576
       694
       678
       726
       749
       843
       859
       914
       939
      1048
      1052
      1170
      1278
      1332
      1347
      1442
      1521
      1596
      1697
      1745
      1847
      1924
      1943
      2115
      2120
      2297
      2424
      2392
      2561
      2715
      2816
      2856
      3051
      3079
      3179
      3340
      3403
      3460
      3639
      3592
      3679
      3942
      3906
      4027
      4167
      4155
      4266
      4359
      4273
      4486
      4577
      4525
      4617
      4603
      4874
      4803
      4875
      4876
      4821
      4862
      4861
      4847
      4737
      4831
      4753
      4672
      4698
      4801
      4706
      4657
      4669
      4572
      4321
      4521
      4331
      4443
      4281
      4031
      4024
      3978
      3977
      3709
      3636
      3591
      3550
      3453
      3316
      3238
      3117
      3120
      3023
      2888
      2626
      2585
      2532
      2419
      2282
      2228
      2109
      2041
      1972
      1883
      1815
      1655
      1520
      1481
      1448
      1287
      1312
      1137
      1100
      1118
       994
       960
       880
       872
       769
       706
       677
       657
       605
       555
       509
       474
       427
       400
       400
       359
       308
       320
       275
       251
       243
       226
       176
       198
       163
       128
       149
       143
       119
       108
        95
        82
        85
        77
        86
        59
        63
        58
        40
        33
        24
        37
        27
        25
        25
        21
        18
        16
        24
        16
         6
        14
        15
        12
        14
         4
        12
         9
         9
        11
         7
         6
         8
        11
         6
         6
         6
         8
         6
         8
         3
         4
         8
         5
         5
         4
         2
         2
         7
         6
         4
         5
         4
         6
         3
         2
         4
         9
         3
         4
         8
         4
         5
         5
         2
         5
         0
         4
         1
         6
         3
         2
         5
         4
         3
         4
         3
         3
         3
         1
         4
         3
         3
         7
         2
         4
         4
         2
         7
         2
         3
         6
         9
         5
         4
         6
         6
         3
         2
         4
         3
         4
         2
         5
         1
         1
         4
         4
         8
         4
         3
         0
         5
         1
         3
         2
         4
         2
         0
         1
         4
         1
         3
         4
         4
         2
         4
         2
         6
         3
         5
         5
         2
         2
         2
         2
         3
         3
         3
         7
         2
         2
         5
         5
         1
         4
         2
         6
         2
         5
         5
         5
         6
        12
         3
         2
         4
         2
         3
         5
         4
         1
         3
         3
         2
         3
         2
         7
         9
         5
         3
         7
         4
         4
         7
         5
         4
         7
         7
         4
         5
         1
         3
         4
         3
         3
         1
         5
         7
         5
         6
         5
         7
         3
         5
         6
         4
         2
        11
         7
         8
         3
         6
         9
         3
         6
         4
         2
         2
         2
         4
         7
         4
         3
         7
         6
         2
         4
         7
         7
         5
         6
         1
         3
         3
         7
         7
         8
         6
         1
         5
         5
         7
         3
         2
         5
         7
         1
         2
         5
         3
         3
         6
         5
         5
         5
         5
         6
         4
         7
         4
         7
         6
         6
         6
         9
         6
         3
         5
         5
         4
         4
         4
         4
         9
         6
         1
         4
         5
         7
         2
         5
         5
         3
         5
         3
         5
         2
         4
         5
         5
         3
         5
         6
         3
         6
         4
         6
         5
         2
         5
         4
         5
         4
         6
         2
         5
         5
         2
         6
         5
         4
         2
         6
         3
         0
         4
         4
         7
         6
         5
         3
         3
         4
         6
         5
         8
         2
         3
         5
         3
         3
         1
         2
         1
         7
         2
         2
         5
         7
         5
         5
         1
         2
         5
         7
         3
         7
         2
         4
         7
         5
         7
         2
         5
         0
         5
         4
         4
         3
         2
         3
         0
         4
         5
         3
         2
         8
         4
         7
         4
         3
         4
         1
         5
         6
         6
         4
         2
         3
         6
         1
         5
         3
         4
         8
         7
         3
         7
         4
         4
         6
         5
         0
         4
         1
         5
         4
         5
         4
         3
         3
         2
         4
         0
         6
         1
         1
         4
         4
         6
         5
         3
         7
         2
         1
         2
         3
         2
         3
         1
         1
         5
         3
         3
         4
         3
         3
         4
         5
         4
         4
         3
         4
         1
         2
         4
         5
         3
         4
         4
         2
         6
         4
         2
         5
         7
         5
         3
         2
         5
         6
         3
         6
         4
         3
         7
         5
         1
         2
         1
         4
         4
         2
         6
         4
         6
         2
         2
         3
         5
         3
         4
         4
         1
         2
         5
         2
         5
         5
         1
         4
         1
         0
         2
         3
         4
         5
         4
         2
         3
         4
         2
         3
         3
         2
         1
         1
         3
         4
         4
         6
         1
         4
         2
         4
        10
         3
         2
         3
         2
         2
         6
         4
         2
         7
         4
         5
         3
         3
         2
         2
         2
         4
         1
         3
         4
         1
         2
         4
         0
         3
         0
         0
         3
         1
         1
         0
         1
         2
         5
         5
         3
         2
         1
         2
         1
         1
         3
         4
         6
         2
         2
         3
         2
         5
         4
         4
         3
         3
         0
         2
         4
         4
         2
         2
         2
         1
         1
         1
         5
         2
         1
         3
         1
         4
         5
         4
         4
         3
         3
         7
         1
         2
         1
         2
         2
         1
         1
         3
         4
         3
         1
         5
         4
         3
         5
         2
         7
         3
         2
         1
         2
         2
         0
         2
         4
         1
         2
         4
         6
         3
         3
         6
         3
         0
         6
         3
         4
         3
         3
         4
         5
         3
         1
         5
         4
         2
         3
         2
         1
         6
         5
         4
         5
         3
         0
         0
         1
         1
         0
         3
         4
         4
         0
         1
         4
         4
         4
         4
         8
         2
         1
         5
         4
         6
         3
         4
         3
         1
         1
         4
         5
         2
         3
         2
         0
         1
         2
         1
         3
         3
         1
         5
         2
         3
         3
         4
         1
         1
         4
         2
         3
         0
         4
         2
         2
         5
         3
         2
         4
         1
         4
         1
         4
         4
         5
         2
         3
         0
         0
         2
         4
         1
         2
         0
         1
         3
         1
         4
         2
         3
         1
         2
         1
         8
         2
         2
         2
         2
         5
         5
         2
         2
         1
         1
         1
         1
         0
         4
         2
         1
         2
         0
         2
         2
         3
         3
         3
         1
         1
         3
         0
         3
         2
         2
         1
         1
         1
         2
         2
         3
         3
         1
         3
         4
         2
         1
         0
         0
         3
         2
         1
         3
         0
         4
         0
         2
         1
         2
         1
         1
         1
         2
         3
         3
         1
         2
         1
         5
         2
         1
         2
         3
         1
         3
         3
         2
         3
         1
         1
         1
         4
         5
         6
         0
         4
         4
         4
         4
         7
         2
         2
         2
         4
         3
         4
         3
         3
         2
         5
         3
         4
         2
         4
         3
         2
         2
         5
         2
         4
         3
         6
         1
         4
         2
         4
         3
         2
         4
         2
         3
         2
         3
         0
         1
         3
         0
         5
         2
         5
         1
         1
         3
         4
         4
         6
         4
         3
         3
         2
         3
         4
         5
         5
         4
         5
         6
         3
         2
         5
         3
         8
         2
         5
         3
         1
         5
         3
         5
         3
         3
         2
         1
         2
         3
         1
         1
         1
         1
         3
         4
         4
         4
         6
         1
         3
         3
         3
         1
         0
         2
         2
         4
         0
         2
         6
         2
         3
         1
         4
         2
         1
         3
         1
         2
         1
         1
         2
         2
         2
         0
         1
         2
         0
         0
         4
         0
         0
         2
         0
         1
         0
         1
         1
         1
         2
         0
         0
         1
         1
         1
         0
         3
         1
         1
         0
         2
         2
         2
         2
         3
         2
         0
         1
         1
         1
         0
         0
         0
         1
         2
         1
         1
         2
         0
         1
         1
         1
         3
         1
         2
         0
         1
         0
         0
         1
         0
         0
         1
         2
         2
         2
         1
         0
         0
         0
         3
         0
         0
         0
         0
         2
         1
         1
         1
         0
         0
         0
         2
         3
         3
         2
         1
         1
         1
         3
         3
         1
         2
         1
         2
         1
         1
         2
         2
         1
         1
         0
         1
         1
         1
         1
         1
         1
         1
         2
         0
         1
         1
         3
         1
         2
         1
         3
         0
         1
         2
         1
         5
         3
         3
         1
         4
         3
         4
         2
         0
         0
         2
         6
         0
         3
         2
         2
         1
         2
         5
         4
         4
         5
         5
         2
         7
         8
         2
         8
         3
         6
         7
         2
         6
         0
         3
         1
         3
         7
         6
         6
         4
         8
         5
         3
         3
         4
         4
         3
         3
         4
         7
         8
         4
         9
         7
         6
         3
         5
         3
         8
         6
         2
         5
         3
         3
         6
         4
         5
         2
         4
         1
         2
         5
         6
         8
         9
         5
         9
         7
         5
         5
         5
         6
         9
         9
         5
         2
         6
         7
         8
         5
         9
         6
         1
         7
         5
         2
         4
         4
         2
         4
         3
         4
         5
         4
         2
         7
         7
         5
         4
         3
         2
         6
         4
         7
         1
         1
         3
         2
         0
         5
         1
         4
         2
         7
         0
         2
         1
         2
         5
         3
         4
         2
         1
         2
         0
         0
         2
         2
         0
         1
         1
         1
         3
         2
         0
         3
         2
         2
         2
         1
         0
         2
         1
         0
         0
         3
         0
         0
         0
         0
         0
         0
         1
         0
         0
         1
         0
         1
         0
         0
         0
         0
         1
         0
         0
         0
         0
         0
         0
         0
         0
         0
         0
         2
         0
         0
         1
         1
         0
         0
         0
         0
         0
         0
         0
         0
         1
         1
         0
         0
         0
         0
         0
         0
         0
         0
         0
         0
         0
         0
         0
         0
         0
         0
         0
         0
         0
         0
         0
         0
         0
         0
         0
         0
         0
         0
         0
         0
         0
         0
         0
         0
         0
         0
         0
         0
         0
         0
         0
         0
         0
         0
         0
         0
         0
         0
         0
         0
         0
         0
         0
         0
         0
         0
         0
         0
         0
         0
         0
         0
         0
         0
         0
         0
         0
         0
         0
         0
         0
         0
         0
         0
         0
         0
         0
         0
         0
         0
         0
         0
         0
         0
         0
         0
         0
         0
         0
         0
         0
         0
         0
         0
         0
         0
         0
         0
         0
         0
         0
         0
         0
         0
         0
         0
         0
         0
         0
         0
         0
         0
         0
         0
         0
         0
         0
         0
         0
         0
         0
         0
         0
         0
         0
         0
         0
         0
         0
         0
         0
         0
         0
         0
         0
         0
         0
         0
         0
         0
         0
         0
         0
         0
         0
         0
         0
         0
         0
         0
         0
         0
         0
         0
         0
         0
         0
         0
         0
         0
         0
         0
         0
         0
         0
         0
         0
         0
         0
         0
         0
         0
         0
         0
         0
         0
         0
         0
         0
         0
         0
         0
         0
         0
         0
         0
         0
         0
         0
         0
         0
         0
         0
         0
         0
         0
         0
         0
         0
         0
         0
         0
         0
         0
         0
         0
         0
         0
         0
         0
         0
         0
         0
         0
         0
         0
         0
         0
         0
         0
         0
         0
         0
         0
         0
         0
         0
         0
         0
         0
         0
         0
         0
         0
         0
         0
         0
         0
         0
         0
         0
         0
         0
         0
         0
         0
         0
         0
         0
         0
         0
         0
         0
         0
         0
         0
         0
         0
         0
         0
         0
         0
         0
         0
         0
         0
         0
         0
         0
         0
         0
         0
         0
         0
         0
         0
         0
         0
         0
         0
         0
         0
         0
         0
         0
         0
         0
         0
         0
         0
         0
         0
         0
         0
         0
         0
         0
         0
         0
         0
         0
         0
         0
         0
         0
         0
         0
         0
         0
         0
         0
         0
         0
         0
         0
         0
         0
         0
         0
         0
         0
         0
         0
         0
         0
         0
         0
         0
         0
         0
         0
         0
         0
         0
         0
         0
         0
         0
         0
         0
         0
         0
         0
         0
         0
         0
         0
         0
         0
         0
         0
         0
         0
         0
         0
         0
         0
         0
         0
         0
         0
         0
         0
         0
         0
         0
         0
         0
