         0
         0
         0
         0
         0
         0
         0
         0
         0
         0
      1128
      1165
      1177
      1250
      1172
      1190
      1167
      1247
      1211
      1292
      1265
      1278
      1373
      1405
      1399
      1330
      1341
      1368
      1312
      1358
      1350
      1369
      1339
      1383
      1371
      1276
      1225
      1226
      1226
      1139
      1205
      1222
      1236
      1216
      1228
      1221
      1228
      1273
      1251
      1335
      1245
      1172
      1261
      1268
      1295
      1275
      1361
      1324
      1253
      1355
      1251
      1220
      1378
      1276
      1341
      1284
      1298
      1301
      1331
      1231
      1346
      1344
      1320
      1301
      1301
      1292
      1366
      1371
      1319
      1345
      1337
      1346
      1367
      1430
      1391
      1468
      1375
      1402
      1425
      1467
      1429
      1522
      1518
      1463
      1487
      1518
      1555
      1639
      1601
      1581
      1606
      1605
      1636
      1679
      1645
      1684
      1748
      1701
      1688
      1801
      1708
      1765
      1746
      1718
      1800
      1795
      1755
      1874
      1864
      1836
      1813
      1926
      1811
      1968
      1911
      2046
      1984
      1939
      2003
      1974
      1947
      2107
      1996
      1915
      2025
      2053
      2008
      2120
      2062
      2139
      2060
      2040
      2133
      2141
      2132
      2100
      2172
      2115
      2129
      2129
      2181
      2209
      2124
      2189
      2204
      2124
      2072
      2124
      2191
      2143
      2224
      2180
      2150
      2168
      2117
      2202
      2114
      2148
      2188
      2209
      2149
      2067
      2113
      2184
      2199
      2135
      2181
      2161
      2149
      2266
      2114
      2197
      2136
      2205
      2231
      2232
      2194
      2170
      2270
      2300
      2259
      2258
      2341
      2306
      2334
      2204
      2284
      2262
      2293
      2325
      2289
      2281
      2330
      2318
      2431
      2551
      2572
      2467
      2461
      2545
      2649
      2542
      2619
      2649
      2621
      2747
      2683
      2671
      2721
      2719
      2787
      2764
      2764
      2778
      2707
      2774
      2755
      2757
      2739
      2747
      2689
      2758
      2669
      2713
      2771
      2658
      2744
      2778
      2674
      2674
      2667
      2694
      2656
      2544
      2586
      2611
      2588
      2594
      2564
      2537
      2577
      2546
      2538
      2548
      2490
      2547
      2482
      2483
      2468
      2367
      2467
      2423
      2383
      2426
      2481
      2428
      2352
      2334
      2390
      2436
      2386
      2444
      2351
      2255
      2349
      2442
      2404
      2456
      2328
      2375
      2319
      2284
      2341
      2295
      2284
      2320
      2274
      2182
      2228
      2192
      2292
      2223
      2201
      2198
      2137
      2182
      2230
      2132
      2161
      2110
      2188
      2180
      2156
      2061
      2187
      2161
      2084
      2129
      2141
      2135
      2189
      2145
      2100
      2029
      1993
      2064
      2136
      2060
      2144
      1998
      2121
      2049
      1998
      1976
      2078
      2058
      1989
      1912
      2010
      1981
      2035
      1908
      1990
      1880
      2000
      1986
      1965
      1857
      2032
      1975
      1895
      1938
      1967
      1910
      1965
      1850
      1864
      1911
      1806
      1956
      1895
      1882
      1908
      1868
      1853
      1831
      1913
      1867
      1855
      1893
      1871
      1813
      1853
      1822
      1859
      1783
      1861
      1888
      1815
      1826
      1712
      1814
      1903
      1810
      1827
      1858
      1806
      1738
      1752
      1746
      1784
      1816
      1795
      1718
      1765
      1780
      1761
      1815
      1722
      1770
      1742
      1779
      1725
      1791
      1702
      1681
      1680
      1681
      1722
      1659
      1708
      1696
      1613
      1696
      1677
      1683
      1657
      1728
      1659
      1690
      1690
      1659
      1638
      1604
      1746
      1683
      1703
      1642
      1611
      1672
      1688
      1611
      1675
      1681
      1705
      1626
      1645
      1651
      1632
      1607
      1560
      1657
      1615
      1536
      1610
      1588
      1552
      1600
      1576
      1555
      1532
      1605
      1590
      1625
      1600
      1626
      1556
      1587
      1515
      1571
      1557
      1525
      1534
      1482
      1536
      1511
      1571
      1562
      1512
      1571
      1546
      1413
      1624
      1518
      1477
      1545
      1422
      1493
      1479
      1487
      1521
      1562
      1454
      1525
      1544
      1424
      1545
      1566
      1461
      1544
      1444
      1476
      1450
      1520
      1515
      1536
      1509
      1477
      1492
      1484
      1503
      1512
      1481
      1455
      1447
      1474
      1501
      1511
      1513
      1494
      1442
      1526
      1491
      1469
      1448
      1493
      1471
      1439
      1476
      1482
      1519
      1473
      1470
      1479
      1497
      1438
      1446
      1534
      1500
      1491
      1444
      1413
      1482
      1417
      1516
      1413
      1381
      1439
      1391
      1444
      1429
      1433
      1400
      1422
      1401
      1485
      1373
      1378
      1488
      1328
      1399
      1383
      1423
      1421
      1415
      1449
      1421
      1435
      1419
      1388
      1406
      1395
      1389
      1417
      1372
      1407
      1425
      1342
      1426
      1354
      1379
      1407
      1285
      1389
      1291
      1422
      1328
      1358
      1394
      1355
      1367
      1347
      1330
      1376
      1364
      1379
      1355
      1406
      1355
      1346
      1403
      1332
      1271
      1347
      1301
      1310
      1373
      1305
      1382
      1330
      1290
      1312
      1345
      1325
      1315
      1369
      1312
      1324
      1309
      1300
      1355
      1358
      1339
      1339
      1348
      1348
      1339
      1324
      1277
      1276
      1359
      1323
      1268
      1357
      1344
      1313
      1296
      1331
      1317
      1359
      1385
      1312
      1347
      1298
      1361
      1338
      1324
      1367
      1350
      1297
      1289
      1337
      1290
      1249
      1267
      1316
      1288
      1355
      1352
      1244
      1238
      1351
      1395
      1326
      1264
      1291
      1295
      1271
      1310
      1270
      1351
      1330
      1321
      1297
      1345
      1344
      1271
      1356
      1275
      1299
      1312
      1254
      1307
      1280
      1303
      1309
      1335
      1332
      1284
      1342
      1287
      1334
      1326
      1287
      1340
      1345
      1251
      1327
      1343
      1258
      1265
      1289
      1287
      1306
      1292
      1330
      1235
      1312
      1295
      1308
      1304
      1329
      1339
      1325
      1323
      1254
      1334
      1245
      1237
      1297
      1286
      1262
      1376
      1328
      1238
      1260
      1313
      1272
      1330
      1339
      1301
      1313
      1339
      1276
      1344
      1320
      1283
      1335
      1318
      1238
      1295
      1400
      1313
      1368
      1244
      1347
      1316
      1365
      1293
      1307
      1288
      1313
      1303
      1362
      1300
      1361
      1328
      1371
      1330
      1283
      1300
      1293
      1339
      1265
      1293
      1304
      1228
      1296
      1330
      1315
      1294
      1366
      1273
      1266
      1294
      1285
      1279
      1342
      1310
      1334
      1327
      1340
      1238
      1345
      1361
      1327
      1373
      1264
      1380
      1322
      1354
      1283
      1300
      1257
      1303
      1332
      1264
      1418
      1310
      1374
      1312
      1367
      1277
      1283
      1282
      1329
      1255
      1285
      1321
      1356
      1328
      1353
      1331
      1308
      1297
      1370
      1340
      1309
      1281
      1345
      1267
      1298
      1377
      1334
      1405
      1322
      1321
      1287
      1345
      1305
      1368
      1314
      1352
      1317
      1377
      1398
      1346
      1312
      1344
      1287
      1323
      1386
      1330
      1307
      1358
      1256
      1415
      1237
      1315
      1347
      1352
      1338
      1309
      1298
      1360
      1357
      1345
      1301
      1357
      1338
      1316
      1315
      1367
      1281
      1329
      1332
      1349
      1312
      1313
      1319
      1352
      1242
      1306
      1374
      1264
      1246
      1287
      1357
      1318
      1319
      1311
      1339
      1310
      1377
      1327
      1310
      1341
      1304
      1319
      1331
      1357
      1356
      1379
      1406
      1378
      1382
      1403
      1381
      1335
      1322
      1306
      1408
      1395
      1417
      1355
      1333
      1371
      1389
      1343
      1371
      1388
      1388
      1373
      1385
      1409
      1357
      1389
      1354
      1326
      1372
      1373
      1411
      1414
      1377
      1316
      1418
      1434
      1375
      1345
      1391
      1428
      1405
      1369
      1429
      1376
      1369
      1416
      1419
      1417
      1421
      1381
      1401
      1361
      1378
      1360
      1407
      1455
      1365
      1338
      1359
      1390
      1365
      1327
      1410
      1342
      1341
      1342
      1354
      1396
      1350
      1416
      1385
      1408
      1345
      1274
      1322
      1346
      1371
      1337
      1255
      1319
      1312
      1343
      1298
      1277
      1263
      1212
      1254
      1261
      1305
      1226
      1201
      1286
      1196
      1223
      1147
      1224
      1145
      1218
      1171
      1196
      1119
      1156
      1165
      1227
      1099
      1146
      1130
      1090
      1141
      1090
      1121
      1060
      1124
      1071
      1033
      1045
      1044
      1081
      1042
      1019
      1000
      1033
      1038
      1063
      1043
      1011
       980
       977
       959
       997
       966
       996
       948
       943
       930
       934
       902
      1001
       968
       942
       977
       933
       976
       954
       957
       950
       908
       941
       952
       941
       909
       964
       930
       968
       962
       898
       941
       884
       978
       903
       862
       941
       925
       914
       936
       917
       887
       947
       953
       919
       870
       946
       957
       921
       866
       911
       896
       927
       931
       944
       914
       910
       940
       941
       830
       873
       885
       864
       876
       881
       870
       920
       929
       889
       885
       882
       899
       890
       926
       874
       846
       889
       866
       866
       819
       819
       824
       870
       847
       803
       855
       895
       836
       835
       838
       894
       820
       854
       771
       767
       863
       865
       799
       839
       852
       854
       811
       874
       831
       837
       843
       884
       871
       886
       872
       917
       925
       932
       895
       977
      1022
       986
      1010
      1013
      1043
      1039
      1103
      1207
      1183
      1199
      1224
      1298
      1374
      1415
      1431
      1470
      1589
      1681
      1748
      1747
      1769
      1803
      1969
      2060
      2029
      2136
      2261
      2244
      2392
      2535
      2580
      2694
      2752
      2926
      2963
      3023
      3079
      3299
      3344
      3383
      3527
      3632
      3761
      3780
      3889
      3922
      3973
      4033
      4084
      4209
      4171
      4413
      4421
      4466
      4435
      4424
      4643
      4468
      4630
      4581
      4599
      4548
      4654
      4670
      4521
      4576
      4521
      4410
      4472
      4423
      4448
      4214
      4232
      4265
      4103
      4120
      3986
      3883
      3829
      3775
      3585
      3554
      3484
      3353
      3220
      3198
      3081
      2823
      2921
      2781
      2651
      2632
      2405
      2300
      2319
      2201
      2098
      2006
      1927
      1845
      1765
      1638
      1524
      1430
      1455
      1313
      1181
      1138
      1129
      1113
      1019
       916
       878
       874
       775
       695
       678
       717
       646
       578
       507
       506
       486
       435
       455
       428
       405
       382
       346
       343
       342
       309
       309
       269
       279
       245
       279
       281
       272
       262
       264
       251
       262
       278
       299
       287
       286
       278
       315
       302
       318
       325
       348
       336
       351
       409
       422
       432
       433
       508
       503
       535
       574
       603
       660
       696
       708
       798
       810
       831
       907
       936
      1010
      1100
      1110
      1120
      1229
      1320
      1337
      1335
      1371
      1487
      1569
      1624
      1634
      1839
      1834
      1944
      2073
      2053
      2117
      2252
      2315
      2386
      2463
      2561
      2593
      2791
      2814
      2888
      2952
      2990
      3009
      3200
      3211
      3277
      3362
      3435
      3405
      3478
      3523
      3466
      3591
      3575
      3722
      3615
      3660
      3801
      3726
      3800
      3734
      3714
      3741
      3668
      3725
      3683
      3653
      3678
      3672
      3597
      3555
      3475
      3525
      3510
      3375
      3366
      3183
      3174
      3172
      3113
      2985
      2980
      2905
      2834
      2762
      2739
      2560
      2578
      2372
      2332
      2236
      2101
      2167
      2033
      1965
      1913
      1763
      1680
      1630
      1569
      1448
      1454
      1370
      1265
      1202
      1124
      1160
      1030
      1033
       934
       875
       838
       761
       719
       677
       644
       577
       570
       522
       463
       459
       433
       395
       372
       347
       329
       295
       294
       248
       222
       227
       200
       181
       202
       159
       147
       130
        95
       121
       103
        93
       100
        70
        72
        59
        53
        55
        56
        46
        37
        38
        30
        31
        32
        25
        15
        21
        21
        14
        19
        12
        13
        15
         8
        16
         4
         9
         7
         9
         5
         6
         7
         6
         8
        11
         9
         6
         5
        11
         6
         5
         6
         7
         4
         3
         8
         5
         2
         5
         5
         6
         8
         7
         4
         8
         4
         6
         1
         7
         8
         9
         9
         4
         8
         4
         7
        12
         5
         7
         7
         3
         6
         7
         5
         8
         8
         3
         2
         9
         4
         7
         7
         3
         8
         4
         8
         5
         2
         7
         3
         7
        11
         3
         4
         7
         4
         3
         9
         5
         4
         5
         6
         1
         1
         2
         3
         1
        11
         6
         5
         6
         5
         6
         9
         5
         3
         2
         5
         6
         0
         3
         3
         5
         1
         6
         5
         5
         2
         4
         5
         2
         6
         4
         3
         4
         4
         4
         7
         5
         5
         3
         4
         5
         2
         2
         5
         1
         9
         4
         6
         3
         4
         4
         5
         3
         4
         5
         2
         3
         1
         4
         1
         6
         3
         5
         3
         6
         7
         6
         0
         2
         4
         4
         2
         5
         7
         5
         4
         3
         4
         2
         3
         7
         4
         3
         9
         4
         4
         8
         6
         2
         4
         3
         5
         4
         4
         3
         7
         7
         1
         3
         3
         6
         3
         4
         2
         6
         3
         5
         9
         4
         8
         9
         3
         4
         5
         7
         4
         3
         2
         7
         8
         4
         7
         3
         4
         7
         3
         9
         2
         7
         5
         7
         2
         7
         2
         3
         4
         5
         5
         2
         5
         3
         7
         7
         5
         5
         3
         2
         5
         6
         2
         4
         4
         3
         5
         4
         3
         1
         6
         2
         3
         6
         2
         1
         4
         4
         4
         5
         2
         2
         7
         1
         5
         7
         2
         2
         4
         5
         3
         4
         6
         8
         5
         4
         2
         2
         4
         1
         2
         5
         5
         3
         1
         4
         2
         2
         5
         3
         4
         0
         7
         2
         4
         1
         5
         6
         4
         0
         3
         4
         2
         4
         2
         3
         4
         2
         5
         1
         0
         1
         4
         5
         1
         1
         6
         3
         1
         1
         2
         1
         5
         1
         3
         2
         2
         1
         2
         2
         3
         2
         4
         1
         3
         5
         3
         1
         5
         3
         5
         1
         1
         3
         2
         2
         2
         3
         0
         2
         4
         3
         7
         2
         1
         0
         5
         2
         1
         1
         1
         5
         0
         1
         2
         1
         2
         1
         1
         2
         6
         6
         2
         1
         4
         1
         3
         5
         3
         2
         2
         2
         3
         4
         1
         8
         2
         0
         3
         1
         5
         2
         4
         3
         2
         5
         5
         2
         0
         1
         1
         3
         2
         3
         7
         0
         3
         5
         6
         5
         4
         7
         4
         2
         0
         4
         3
         2
         3
         2
         5
         2
         9
         3
         2
         2
         3
         4
         6
         5
         2
         1
         5
         3
         3
         2
         4
         2
         3
         1
         1
         3
         3
         2
         1
         2
         2
         3
         7
         2
         7
         3
         6
         3
         3
         9
         5
         5
         4
         3
         3
         1
         5
         4
         4
         6
         3
         4
         9
         2
         5
         2
         4
         3
         4
         2
         2
         2
         2
         3
         4
         2
         2
         4
         1
         3
         5
         5
         4
         3
         2
         3
         5
         4
         2
         5
         1
         1
         3
         0
         2
         5
         2
         4
         4
         2
         1
         1
         1
         1
         3
         0
         5
         2
         1
         6
         3
         4
         0
         2
         1
         4
         2
         2
         2
         3
         4
         2
         1
         0
         2
         3
         2
         3
         3
         2
         1
         1
         4
         2
         2
         0
         3
         1
         2
         4
         3
         1
         2
         2
         0
         0
         1
         2
         3
         0
         1
         2
         0
         1
         0
         1
         3
         2
         2
         0
         4
         1
         3
         3
         4
         2
         4
         1
         4
         2
         1
         1
         5
         4
         2
         3
         0
         1
         2
         3
         3
         2
         1
         3
         4
         5
         5
         4
         1
         2
         5
         2
         5
         3
         1
         1
         2
         2
         1
         0
         1
         5
         2
         1
         1
         1
         1
         2
         2
         2
         0
         1
         3
         2
         1
         5
         0
         4
         2
         0
         2
         1
         3
         3
         1
         1
         0
         4
         2
         2
         2
         3
         1
         0
         2
         3
         0
         2
         4
         2
         0
         2
         1
         5
         3
         2
         3
         3
         4
         1
         3
         4
         2
         5
         3
         5
         2
         0
         1
         2
         2
         2
         0
         3
         1
         2
         4
         1
         4
         0
         2
         4
         1
         1
         0
         1
         0
         3
         3
         2
         4
         2
         3
         1
         3
         3
         3
         4
         4
         1
         3
         3
         2
         0
         4
         1
         1
         2
         3
         3
         2
         0
         1
         7
         3
         8
         3
         3
         4
         0
         4
         2
         4
         1
         5
         2
         3
         1
         4
         3
         3
         2
         0
         2
         0
         1
         3
         3
         0
         0
         2
         3
         2
         1
         4
         3
         5
         2
         4
         1
         3
         2
         2
         1
         0
         1
         3
         2
         1
         2
         1
         2
         3
         3
         1
         1
         1
         0
         0
         4
         3
         1
         1
         2
         0
         2
         1
         1
         2
         3
         2
         1
         1
         1
         4
         1
         3
         4
         1
         2
         1
         0
         2
         2
         3
         0
         3
         1
         1
         3
         2
         3
         3
         3
         0
         1
         1
         0
         2
         1
         1
         0
         1
         3
         1
         0
         1
         1
         2
         5
         1
         2
         3
         1
         2
         2
         1
         1
         0
         0
         2
         2
         1
         0
         4
         3
         1
         1
         1
         2
         2
         0
         4
         2
         1
         4
         0
         1
         0
         0
         1
         0
         1
         0
         2
         0
         1
         1
         3
         0
         1
         2
         3
         2
         1
         1
         1
         1
         0
         1
         1
         0
         1
         0
         2
         1
         1
         4
         3
         2
         1
         1
         0
         2
         0
         1
         4
         3
         1
         0
         2
         1
         0
         0
         0
         1
         2
         1
         3
         0
         2
         1
         0
         1
         0
         1
         0
         1
         1
         2
         1
         0
         0
         0
         1
         1
         0
         1
         0
         0
         1
         0
         0
         0
         0
         1
         2
         2
         1
         2
         1
         4
         1
         2
         1
         1
         3
         0
         1
         1
         0
         1
         0
         1
         0
         0
         0
         0
         0
         0
         0
         1
         1
         3
         0
         4
         1
         1
         1
         0
         0
         1
         1
         2
         1
         0
         3
         1
         1
         3
         0
         1
         1
         1
         0
         1
         0
         1
         1
         0
         2
         2
         1
         0
         1
         2
         1
         1
         2
         1
         3
         0
         1
         2
         1
         1
         1
         1
         1
         1
         1
         1
         4
         0
         1
         3
         1
         1
         2
         0
         0
         0
         1
         1
         1
         1
         1
         0
         1
         2
         1
         0
         4
         2
         2
         3
         3
         1
         4
         1
         2
         2
         1
         0
         1
         2
         0
         3
         1
         2
         2
         3
         2
         2
         1
         5
         3
         4
         5
         1
         0
         4
         2
         3
         4
         3
         2
         4
         4
         3
         3
         4
         2
         3
         7
         6
         3
         3
         2
         1
         7
         4
         2
         3
         6
         4
         2
         7
         5
         4
         4
         2
         4
         3
         5
         3
         1
         4
         2
         4
         0
         2
         3
         2
         2
         6
         3
         6
         3
         4
         4
         2
         6
         1
         3
         3
         2
         1
         2
         2
         3
         1
         3
         3
         3
         0
         3
         5
         2
         1
         3
         1
         2
         1
         6
         2
         2
         2
         0
         2
         4
         5
         4
         5
         2
         1
         2
         1
         1
         4
         1
         1
         3
         2
         0
         3
         2
         2
         1
         1
         2
         0
         0
         1
         0
         1
         1
         1
         1
         1
         0
         1
         1
         2
         1
         0
         1
         2
         0
         0
         1
         1
         0
         2
         1
         1
         0
         0
         0
         0
         0
         0
         0
         0
         0
         0
         0
         1
         0
         0
         0
         0
         0
         0
         0
         0
         1
         1
         0
         0
         1
         0
         0
         0
         0
         1
         0
         0
         0
         0
         0
         0
         0
         0
         0
         0
         0
         0
         0
         0
         0
         0
         0
         0
         0
         0
         0
         0
         0
         0
         1
         0
         0
         0
         0
         0
         0
         0
         0
         0
         0
         0
         0
         0
         0
         0
         0
         0
         0
         0
         0
         0
         0
         0
         0
         0
         0
         0
         0
         0
         0
         0
         0
         0
         0
         0
         0
         0
         0
         0
         0
         0
         0
         0
         0
         0
         0
         0
         0
         0
         0
         0
         0
         0
         0
         0
         0
         0
         0
         0
         0
         0
         0
         0
         0
         0
         0
         0
         0
         0
         0
         0
         0
         0
         0
         0
         0
         0
         0
         0
         0
         0
         0
         0
         0
         0
         0
         0
         0
         0
         0
         0
         0
         0
         0
         0
         0
         0
         0
         0
         0
         0
         0
         0
         0
         0
         0
         0
         0
         0
         0
         0
         0
         0
         0
         0
         0
         0
         0
         0
         0
         0
         0
         0
         0
         0
         0
         0
         0
         0
         0
         0
         0
         0
         0
         0
         0
         0
         0
         0
         0
         0
         0
         0
         0
         0
         0
         0
         0
         0
         0
         0
         0
         0
         0
         0
         0
         0
         0
         0
         0
         0
         0
         0
         0
         0
         0
         0
         0
         0
         0
         0
         0
         0
         0
         0
         0
         0
         0
         0
         0
         0
         0
         0
         0
         0
         0
         0
         0
         0
         0
         0
         0
         0
         0
         0
         0
         0
         0
         0
         0
         0
         0
         0
         0
         0
         0
         0
         0
         0
         0
         0
         0
         0
         0
         0
         0
         0
         0
         0
         0
         0
         0
         0
         0
         0
         0
         0
         0
         0
         0
         0
         0
         0
         0
         0
         0
         0
         0
         0
         0
         0
         0
         0
         0
         0
         0
         0
         0
         0
         0
         0
         0
         0
         0
         0
         0
         0
         0
         0
         0
         0
         0
         0
         0
         0
         0
         0
         0
         0
         0
         0
         0
         0
         0
         0
         0
         0
         0
         0
         0
         0
         0
         0
         0
         0
         0
         0
         0
         0
         0
         0
         0
         0
         0
         0
         0
         0
         0
         0
         0
         0
         0
         0
         0
         0
         0
         0
         0
         0
         0
         0
         0
         0
         0
         0
         0
         0
         0
         0
         0
         0
         0
         0
         0
         0
         0
         0
         0
         0
         0
         0
         0
         0
         0
         0
         0
         0
         0
         0
         0
         0
         0
         0
         0
         0
         0
         0
         0
         0
         0
         0
         0
