         0
         0
         0
         0
         0
         0
         0
         0
         0
         0
      1174
      1183
      1127
      1194
      1281
      1172
      1167
      1138
      1168
      1181
      1156
      1161
      1212
      1160
      1208
      1299
      1313
      1298
      1322
      1259
      1314
      1284
      1311
      1298
      1263
      1314
      1264
      1286
      1303
      1304
      1211
      1276
      1242
      1233
      1157
      1217
      1305
      1230
      1223
      1204
      1259
      1278
      1237
      1243
      1248
      1295
      1290
      1276
      1352
      1244
      1334
      1315
      1291
      1303
      1205
      1281
      1317
      1282
      1242
      1257
      1271
      1232
      1225
      1316
      1228
      1309
      1248
      1292
      1312
      1294
      1272
      1275
      1244
      1306
      1264
      1304
      1370
      1373
      1258
      1346
      1400
      1394
      1408
      1413
      1367
      1421
      1488
      1446
      1402
      1520
      1478
      1495
      1516
      1474
      1502
      1498
      1480
      1546
      1515
      1526
      1450
      1488
      1470
      1523
      1517
      1460
      1557
      1491
      1477
      1540
      1558
      1546
      1574
      1561
      1616
      1623
      1682
      1648
      1671
      1603
      1750
      1743
      1627
      1692
      1724
      1710
      1646
      1773
      1765
      1644
      1702
      1739
      1752
      1671
      1710
      1778
      1737
      1764
      1741
      1750
      1756
      1685
      1748
      1760
      1810
      1698
      1732
      1625
      1680
      1729
      1739
      1698
      1766
      1734
      1787
      1782
      1715
      1707
      1628
      1758
      1814
      1738
      1738
      1774
      1744
      1811
      1755
      1824
      1736
      1749
      1738
      1858
      1804
      1837
      1858
      1845
      1804
      1782
      1776
      1790
      1810
      1850
      1779
      1811
      1834
      1970
      1914
      1939
      1953
      1946
      1927
      1982
      2049
      2032
      1988
      1998
      2121
      2181
      2109
      2243
      2197
      2283
      2204
      2282
      2270
      2246
      2352
      2307
      2328
      2308
      2398
      2429
      2380
      2354
      2423
      2373
      2449
      2452
      2403
      2432
      2352
      2419
      2427
      2330
      2453
      2419
      2313
      2297
      2305
      2428
      2318
      2324
      2318
      2315
      2233
      2183
      2274
      2280
      2308
      2195
      2250
      2160
      2301
      2141
      2184
      2129
      2177
      2146
      2112
      2169
      2143
      2143
      2079
      2208
      2127
      2150
      2082
      2133
      2062
      2147
      2109
      2165
      2152
      2074
      2085
      2107
      2065
      2004
      2005
      2120
      2042
      1962
      2041
      2063
      2024
      2054
      1994
      2056
      2036
      2053
      1986
      1952
      1971
      2023
      2053
      1979
      1981
      1946
      1921
      1944
      1976
      2079
      1954
      1984
      1964
      1980
      1950
      1975
      1914
      1967
      1902
      1914
      1870
      1845
      1850
      1959
      1875
      1854
      1878
      1859
      1920
      1874
      1803
      1714
      1781
      1742
      1697
      1832
      1780
      1762
      1789
      1727
      1783
      1732
      1662
      1774
      1750
      1657
      1662
      1719
      1698
      1677
      1672
      1663
      1713
      1707
      1826
      1758
      1722
      1617
      1673
      1663
      1658
      1667
      1602
      1616
      1669
      1650
      1694
      1677
      1638
      1680
      1633
      1686
      1610
      1597
      1578
      1628
      1642
      1614
      1632
      1648
      1639
      1609
      1596
      1608
      1640
      1575
      1611
      1619
      1617
      1560
      1570
      1567
      1625
      1635
      1625
      1591
      1508
      1571
      1505
      1575
      1599
      1603
      1615
      1600
      1567
      1604
      1558
      1541
      1573
      1550
      1561
      1595
      1541
      1545
      1634
      1594
      1568
      1569
      1485
      1534
      1589
      1631
      1551
      1523
      1488
      1607
      1589
      1495
      1495
      1441
      1544
      1552
      1475
      1467
      1513
      1511
      1424
      1531
      1486
      1486
      1479
      1448
      1524
      1479
      1506
      1424
      1464
      1438
      1491
      1468
      1502
      1448
      1461
      1499
      1506
      1463
      1476
      1448
      1453
      1474
      1428
      1418
      1394
      1480
      1496
      1396
      1442
      1396
      1462
      1393
      1432
      1418
      1487
      1438
      1382
      1438
      1390
      1400
      1385
      1416
      1359
      1402
      1416
      1405
      1455
      1440
      1474
      1426
      1432
      1470
      1438
      1398
      1385
      1399
      1433
      1365
      1402
      1388
      1381
      1487
      1387
      1419
      1429
      1398
      1388
      1398
      1420
      1458
      1397
      1385
      1348
      1456
      1405
      1423
      1357
      1339
      1378
      1414
      1402
      1485
      1408
      1402
      1387
      1399
      1389
      1351
      1426
      1350
      1333
      1409
      1418
      1403
      1356
      1313
      1371
      1355
      1388
      1364
      1440
      1333
      1351
      1380
      1327
      1362
      1309
      1313
      1328
      1304
      1318
      1310
      1323
      1360
      1367
      1296
      1343
      1331
      1320
      1321
      1375
      1300
      1313
      1407
      1369
      1344
      1302
      1304
      1266
      1391
      1294
      1355
      1303
      1279
      1320
      1315
      1333
      1267
      1364
      1312
      1283
      1308
      1354
      1367
      1276
      1355
      1278
      1336
      1313
      1296
      1291
      1311
      1266
      1282
      1364
      1316
      1339
      1226
      1309
      1399
      1348
      1333
      1217
      1301
      1309
      1297
      1267
      1270
      1310
      1300
      1327
      1314
      1318
      1344
      1357
      1350
      1246
      1335
      1384
      1315
      1301
      1239
      1278
      1325
      1284
      1341
      1324
      1325
      1227
      1304
      1291
      1289
      1255
      1356
      1356
      1387
      1334
      1281
      1350
      1367
      1323
      1365
      1282
      1339
      1336
      1339
      1258
      1295
      1318
      1277
      1362
      1300
      1288
      1299
      1317
      1306
      1317
      1291
      1353
      1289
      1344
      1375
      1312
      1370
      1302
      1358
      1333
      1332
      1348
      1255
      1288
      1362
      1339
      1256
      1288
      1326
      1295
      1318
      1322
      1287
      1309
      1272
      1313
      1325
      1344
      1344
      1360
      1255
      1312
      1288
      1318
      1329
      1355
      1281
      1364
      1310
      1300
      1314
      1354
      1360
      1332
      1257
      1260
      1374
      1322
      1323
      1265
      1310
      1322
      1328
      1262
      1305
      1354
      1338
      1327
      1263
      1318
      1326
      1281
      1388
      1341
      1346
      1317
      1346
      1302
      1345
      1275
      1387
      1294
      1256
      1357
      1310
      1249
      1336
      1339
      1218
      1376
      1352
      1297
      1285
      1328
      1330
      1308
      1314
      1335
      1325
      1314
      1311
      1317
      1306
      1347
      1346
      1256
      1359
      1336
      1256
      1349
      1315
      1307
      1339
      1268
      1358
      1390
      1360
      1312
      1373
      1349
      1371
      1341
      1258
      1303
      1304
      1419
      1324
      1316
      1373
      1281
      1322
      1313
      1320
      1358
      1330
      1299
      1306
      1337
      1325
      1342
      1342
      1361
      1327
      1357
      1303
      1350
      1445
      1355
      1383
      1316
      1357
      1289
      1391
      1444
      1329
      1396
      1354
      1341
      1324
      1367
      1443
      1438
      1332
      1385
      1302
      1364
      1394
      1412
      1360
      1338
      1434
      1440
      1377
      1369
      1422
      1367
      1402
      1371
      1420
      1400
      1363
      1389
      1400
      1419
      1372
      1335
      1401
      1395
      1374
      1385
      1388
      1473
      1404
      1434
      1337
      1461
      1400
      1458
      1373
      1346
      1319
      1451
      1435
      1471
      1388
      1376
      1436
      1471
      1376
      1366
      1405
      1443
      1362
      1365
      1390
      1421
      1410
      1429
      1365
      1402
      1342
      1405
      1365
      1406
      1433
      1408
      1462
      1467
      1387
      1419
      1373
      1436
      1450
      1400
      1475
      1469
      1379
      1363
      1442
      1442
      1455
      1368
      1396
      1470
      1421
      1377
      1453
      1401
      1417
      1504
      1377
      1437
      1473
      1407
      1491
      1465
      1507
      1378
      1428
      1471
      1503
      1452
      1504
      1522
      1521
      1465
      1512
      1491
      1422
      1469
      1465
      1508
      1502
      1458
      1496
      1452
      1491
      1490
      1466
      1472
      1490
      1498
      1532
      1436
      1483
      1486
      1431
      1464
      1511
      1510
      1554
      1448
      1517
      1445
      1475
      1481
      1508
      1484
      1453
      1473
      1431
      1473
      1401
      1522
      1376
      1365
      1458
      1423
      1440
      1404
      1464
      1353
      1364
      1382
      1388
      1410
      1342
      1389
      1355
      1413
      1319
      1403
      1319
      1292
      1331
      1279
      1304
      1266
      1254
      1277
      1246
      1275
      1285
      1177
      1239
      1235
      1214
      1207
      1176
      1208
      1243
      1166
      1202
      1119
      1179
      1136
      1152
      1135
      1107
      1151
      1149
      1110
      1055
      1167
      1084
      1076
      1094
      1052
      1081
      1067
      1018
      1029
      1017
      1057
      1024
       992
      1123
      1004
      1029
      1029
      1066
      1066
      1019
       987
       977
       982
       982
      1005
       970
       928
       935
       973
       954
       926
       990
       977
       966
       942
      1002
       995
       937
       954
       960
       954
       901
       964
       955
       882
       946
       956
       979
       914
       925
       959
       917
       926
      1041
       961
       923
       921
       929
       921
       949
       959
       916
       898
       903
       883
       906
       939
       948
       946
       859
       880
       908
       904
       914
       912
       889
       872
       962
       902
       935
       905
       886
       921
       817
       897
       938
       892
       896
       882
       871
       871
       918
       866
       891
       902
       895
       927
       882
       881
       871
       858
       812
       908
       878
       911
       928
       925
       877
       982
       887
       939
       888
       894
       950
       918
       950
       976
       948
       959
      1020
       964
      1009
      1077
      1125
      1122
      1133
      1149
      1259
      1225
      1276
      1362
      1407
      1445
      1556
      1562
      1530
      1611
      1696
      1807
      1804
      1902
      2084
      2066
      2175
      2245
      2352
      2464
      2511
      2639
      2673
      2788
      2987
      2960
      3125
      3222
      3369
      3433
      3462
      3618
      3841
      3858
      3977
      4084
      4181
      4258
      4244
      4353
      4501
      4572
      4618
      4717
      4909
      4914
      4929
      5031
      4997
      5114
      5161
      5143
      5263
      5169
      5235
      5082
      5310
      5185
      5233
      5109
      5072
      5051
      5055
      4961
      4797
      4906
      4775
      4733
      4642
      4692
      4473
      4407
      4337
      4270
      4105
      4110
      3922
      3781
      3652
      3577
      3462
      3206
      3088
      3016
      2942
      2846
      2718
      2569
      2647
      2489
      2357
      2175
      2077
      1961
      1938
      1882
      1689
      1573
      1536
      1435
      1373
      1287
      1230
      1168
      1118
      1077
       967
       901
       762
       771
       783
       621
       648
       661
       567
       542
       511
       453
       413
       434
       390
       361
       362
       342
       370
       301
       272
       280
       293
       289
       299
       249
       272
       243
       258
       245
       265
       294
       306
       291
       278
       280
       301
       316
       328
       317
       367
       373
       397
       451
       456
       475
       484
       506
       532
       613
       642
       651
       662
       754
       787
       789
       851
       914
       958
      1052
      1137
      1104
      1194
      1338
      1371
      1413
      1511
      1481
      1592
      1689
      1742
      1863
      1881
      2066
      2030
      2175
      2232
      2383
      2453
      2569
      2629
      2696
      2729
      2869
      2947
      2933
      3141
      3287
      3252
      3510
      3470
      3575
      3691
      3638
      3694
      3655
      3820
      3740
      4048
      4017
      4036
      4160
      4092
      4173
      4200
      4232
      4249
      4289
      4181
      4143
      4360
      4188
      4225
      4221
      4132
      4094
      4139
      4108
      4224
      4016
      3993
      3865
      3853
      3729
      3670
      3670
      3560
      3546
      3375
      3272
      3220
      3218
      3103
      3073
      2918
      2803
      2707
      2640
      2509
      2463
      2364
      2230
      2230
      2084
      2001
      1951
      1896
      1783
      1610
      1614
      1565
      1464
      1406
      1337
      1247
      1142
      1132
      1077
       982
       938
       898
       834
       775
       711
       663
       632
       588
       554
       604
       508
       441
       402
       359
       341
       301
       312
       264
       261
       248
       211
       207
       191
       170
       154
       171
       134
       123
       130
        94
        93
        88
        80
        75
        55
        62
        63
        42
        44
        50
        39
        26
        22
        30
        33
        20
        21
        17
        10
        14
        18
        19
        15
        11
         8
         6
         5
         8
         6
        12
         6
        11
         6
        12
         5
         5
         9
         4
         6
         7
         8
         2
         2
         2
         4
         4
         7
         5
         7
         7
         4
         3
         6
         8
         2
         6
         5
         5
         3
         1
         2
         8
         5
         7
         3
         1
         5
         3
         5
         3
         3
         7
         6
         6
         1
         4
         2
         5
         2
         3
         3
         6
         5
         6
         3
         5
        13
         1
        10
         9
         4
         5
         7
         2
         2
         6
         4
         6
         3
         6
         0
         6
        11
         9
         6
         5
         3
         4
         2
         2
         5
         3
         3
         5
         6
         5
         1
         4
         3
         4
         5
         6
         5
         5
         3
         2
         5
         4
         4
         3
         3
         7
         2
         6
         5
         2
         2
         3
         6
         4
         3
         3
         1
         5
         9
         3
         3
         3
         3
         4
         7
         8
         7
         4
         4
         2
         6
         4
         3
         5
         4
         4
         2
         5
         4
         3
         4
         4
         4
         2
         2
         6
         8
         5
         6
         6
         5
         3
         7
         3
         5
        10
         9
         8
         6
         2
         6
         4
         5
         4
         4
         4
         4
         8
         4
         3
         7
         4
         6
         6
         3
         4
         7
         3
         5
         6
         8
         9
         8
         5
         7
         6
         3
         6
         9
         5
         7
         5
         4
         3
         5
         8
         2
         3
         7
         3
         7
         7
         1
         6
         5
         1
        10
        10
         3
         1
         6
         6
         4
         6
         4
         8
         6
         5
         4
         6
         4
         4
         5
         7
         5
         5
         2
         5
         7
         9
         5
         4
         3
         5
         4
         5
         3
         1
         4
         7
         3
         5
         4
         1
         3
         5
         6
         4
         2
         4
         1
         6
         4
         5
         4
         4
         5
         4
         4
         5
         3
         1
         3
         3
         5
         4
         4
         3
         4
         3
         6
         6
         4
         9
         6
         4
         4
         3
         3
         3
         2
         4
         3
         2
         5
         4
         1
         4
         1
         4
         2
         0
         5
         6
         2
         3
         5
         7
         1
         6
         3
         4
         5
         5
         1
         3
         1
         3
         2
         3
         1
         3
         1
         6
         2
         3
         3
         4
         4
         5
         5
         4
         2
         1
         2
        10
         5
         2
         1
         5
         3
         6
         2
         1
         3
         3
         5
         1
         2
         0
         3
         3
         4
         1
         4
         3
         2
         2
         3
         3
         4
         3
         2
         2
         3
         4
         3
         7
         3
         4
         6
         4
         2
         5
         5
         6
         2
         5
         2
         5
         7
         5
         3
         3
         8
         2
         4
         3
         4
         3
         4
         6
         5
         3
         3
         5
         1
         3
         2
         6
         3
         4
         3
         4
         5
         6
         5
         2
         4
         5
         4
         7
         5
         2
         1
         6
         7
         8
         5
         3
         6
         4
         0
         7
         2
         3
         3
         3
         7
         8
         6
         5
         5
         7
         3
         8
         5
         5
         5
         3
         2
         5
         4
         5
         4
         6
         2
         6
         4
         7
         8
         5
         4
         2
         4
         4
         7
         2
         3
         3
         2
         3
         4
         4
         3
         2
         1
         1
         4
         4
         2
         3
         4
         2
         2
         4
         5
         4
         4
         4
         3
         4
         2
         1
         3
         3
         0
         4
         0
         7
         3
         2
         2
         1
         2
         5
         5
         0
         4
         2
         5
         4
         1
         0
         1
         3
         2
         1
         2
         3
         4
         3
         1
         0
         6
         2
         3
         5
         1
         3
         1
         2
         5
         3
         4
         3
         1
         1
         0
         3
         2
         3
         1
         2
         3
         4
         4
         1
         4
         1
         2
         4
         1
         1
         2
         2
         1
         2
         6
         7
         1
         2
         7
         2
         2
         1
         1
         1
         0
         3
         2
         3
         1
         4
         3
         3
         3
         2
         5
         4
         2
         3
         6
         1
         4
         1
         3
         3
         3
         2
         2
         1
         3
         1
         2
         5
         4
         7
         4
         3
         6
         3
         7
         5
         4
         4
         3
         5
         7
         5
         6
         5
         3
         5
         8
         6
         0
         3
         2
         5
         4
         2
         4
         7
         0
         2
         2
         5
         5
         0
         5
         7
         3
         3
         3
         4
         4
         3
         2
         3
         3
         3
         5
         6
         3
         2
         2
         1
         5
         4
         3
         2
         4
         4
         4
         5
         4
         3
         2
         6
         1
         5
         7
         3
         2
         3
         3
         4
         1
         2
         3
         8
         7
         5
         6
         4
         4
         1
         6
         2
         3
         7
         4
         2
         4
         1
         4
         7
         3
         3
         8
         3
         1
         4
         4
         4
         5
         3
         4
         2
         3
         2
         2
         0
         2
         0
         4
         1
         3
         1
         3
         1
         0
         2
         4
         3
         3
         4
         4
         3
         3
         3
         1
         1
         3
         1
         3
         4
         5
         4
         1
         6
         2
         6
         1
         3
         2
         1
         4
         0
         4
         1
         0
         3
         2
         2
         6
         2
         2
         1
         3
         2
         3
         3
         3
         2
         2
         1
         0
         0
         6
         2
         1
         3
         3
         3
         1
         0
         1
         2
         2
         4
         4
         0
         2
         4
         1
         3
         5
         2
         1
         2
         1
         3
         0
         2
         3
         3
         5
         2
         3
         2
         1
         2
         3
         1
         6
         2
         0
         3
         4
         3
         1
         2
         2
         6
         4
         1
         0
         6
         1
         5
         4
         2
         4
         0
         3
         2
         3
         2
         2
         3
         1
         4
         0
         4
         3
         5
         3
         2
         7
         3
         7
         2
         0
         1
         2
         1
         2
         1
         2
         1
         1
         1
         3
         2
         1
         2
         3
         1
         4
         1
         1
         2
         1
         3
         2
         2
         1
         1
         0
         1
         3
         2
         0
         1
         1
         0
         1
         1
         2
         3
         4
         3
         0
         3
         3
         2
         2
         1
         1
         2
         2
         2
         0
         4
         2
         4
         2
         1
         1
         3
         1
         1
         2
         3
         0
         2
         2
         0
         1
         1
         4
         3
         0
         1
         1
         2
         0
         0
         0
         1
         0
         2
         0
         1
         0
         1
         0
         0
         1
         0
         1
         1
         1
         1
         1
         2
         1
         1
         0
         1
         2
         2
         2
         2
         1
         1
         1
         0
         1
         0
         1
         1
         1
         2
         3
         2
         2
         0
         0
         2
         0
         0
         2
         3
         2
         1
         1
         0
         1
         0
         2
         1
         1
         1
         0
         0
         3
         2
         1
         1
         2
         0
         0
         0
         4
         0
         1
         2
         0
         1
         3
         1
         0
         2
         2
         1
         0
         0
         1
         2
         3
         0
         1
         1
         1
         1
         0
         3
         1
         1
         0
         1
         2
         1
         0
         2
         1
         1
         1
         0
         1
         4
         3
         2
         3
         2
         1
         2
         1
         1
         0
         0
         1
         3
         4
         2
         4
         2
         3
         1
         2
         4
         1
         0
         3
         2
         3
         4
         2
         4
         1
         0
         2
         5
         3
         1
         4
         1
         4
         4
         3
         2
         0
         3
         4
         3
         5
         6
         3
         2
         1
         3
         2
         4
         6
         3
         4
         7
         6
         4
         6
         6
         5
         8
         2
         6
         5
         6
         6
         6
         3
         3
         4
         4
         5
         7
         2
         4
         5
         5
         4
         7
         0
         6
         5
         7
         7
         4
         4
         1
         7
         4
         6
         5
         3
         3
         3
         8
         4
         3
         3
         2
         3
         4
         2
         5
         0
         5
         5
         3
         3
         1
         2
         6
         1
         1
         6
         5
         3
         1
         2
         4
         3
         1
         2
         3
         3
         1
         3
         2
         2
         4
         2
         2
         1
         1
         2
         3
         1
         5
         1
         5
         1
         3
         2
         2
         2
         2
         0
         1
         1
         1
         3
         0
         0
         0
         0
         1
         1
         1
         0
         1
         0
         1
         0
         0
         1
         0
         1
         1
         0
         0
         0
         0
         1
         0
         0
         0
         0
         0
         0
         2
         0
         0
         0
         0
         0
         0
         0
         1
         0
         0
         0
         0
         0
         0
         0
         0
         0
         0
         0
         0
         0
         1
         0
         0
         1
         0
         0
         0
         0
         0
         0
         0
         0
         0
         0
         1
         0
         0
         0
         0
         0
         0
         0
         0
         0
         0
         0
         0
         0
         0
         0
         0
         0
         0
         0
         0
         0
         0
         0
         0
         0
         0
         0
         0
         0
         0
         0
         0
         0
         0
         0
         0
         0
         0
         0
         0
         0
         0
         0
         0
         0
         0
         0
         0
         0
         0
         0
         0
         0
         0
         0
         0
         0
         0
         0
         0
         0
         0
         0
         0
         0
         0
         0
         0
         0
         0
         0
         0
         0
         0
         0
         0
         0
         0
         0
         0
         0
         0
         0
         0
         0
         0
         0
         0
         0
         0
         0
         0
         0
         0
         0
         0
         0
         0
         0
         0
         0
         0
         0
         0
         0
         0
         0
         0
         0
         0
         0
         0
         0
         0
         0
         0
         0
         0
         0
         0
         0
         0
         0
         0
         0
         0
         0
         0
         0
         0
         0
         0
         0
         0
         0
         0
         0
         0
         0
         0
         0
         0
         0
         0
         0
         0
         0
         0
         0
         0
         0
         0
         0
         0
         0
         0
         0
         0
         0
         0
         0
         0
         0
         0
         0
         0
         0
         0
         0
         0
         0
         0
         0
         0
         0
         0
         0
         0
         0
         0
         0
         0
         0
         0
         0
         0
         0
         0
         0
         0
         0
         0
         0
         0
         0
         0
         0
         0
         0
         0
         0
         0
         0
         0
         0
         0
         0
         0
         0
         0
         0
         0
         0
         0
         0
         0
         0
         0
         0
         0
         0
         0
         0
         0
         0
         0
         0
         0
         0
         0
         0
         0
         0
         0
         0
         0
         0
         0
         0
         0
         0
         0
         0
         0
         0
         0
         0
         0
         0
         0
         0
         0
         0
         0
         0
         0
         0
         0
         0
         0
         0
         0
         0
         0
         0
         0
         0
         0
         0
         0
         0
         0
         0
         0
         0
         0
         0
         0
         0
         0
         0
         0
         0
         0
         0
         0
         0
         0
         0
         0
         0
         0
         0
         0
         0
         0
         0
         0
         0
         0
         0
         0
         0
         0
         0
         0
         0
         0
         0
         0
         0
         0
         0
         0
         0
         0
         0
         0
         0
         0
         0
         0
         0
         0
         0
         0
         0
         0
         0
         0
         0
         0
         0
         0
         0
         0
         0
         0
         0
         0
         0
         0
         0
         0
         0
         0
         0
         0
         0
         0
         0
