         0
         0
         0
         0
         0
         0
         0
         0
         0
         0
      1081
      1184
      1146
      1115
      1176
      1106
      1142
      1148
      1153
      1137
      1127
      1174
      1138
      1186
      1288
      1380
      1270
      1323
      1288
      1208
      1297
      1327
      1292
      1253
      1265
      1222
      1246
      1199
      1244
      1206
      1128
      1187
      1115
      1181
      1180
      1158
      1150
      1140
      1115
      1201
      1242
      1143
      1195
      1147
      1223
      1231
      1190
      1213
      1244
      1176
      1284
      1223
      1282
      1319
      1293
      1283
      1267
      1265
      1226
      1287
      1258
      1156
      1236
      1255
      1191
      1225
      1196
      1228
      1212
      1234
      1226
      1278
      1275
      1222
      1246
      1267
      1248
      1267
      1299
      1321
      1321
      1348
      1341
      1318
      1263
      1347
      1380
      1334
      1422
      1377
      1393
      1353
      1425
      1458
      1383
      1397
      1421
      1464
      1396
      1408
      1389
      1366
      1403
      1407
      1418
      1392
      1391
      1357
      1469
      1432
      1460
      1414
      1500
      1521
      1447
      1475
      1543
      1521
      1523
      1445
      1538
      1607
      1538
      1594
      1498
      1553
      1571
      1571
      1593
      1594
      1556
      1572
      1497
      1578
      1570
      1572
      1624
      1637
      1595
      1670
      1537
      1600
      1515
      1532
      1534
      1586
      1565
      1570
      1565
      1592
      1584
      1619
      1622
      1610
      1552
      1523
      1614
      1507
      1595
      1626
      1535
      1593
      1591
      1559
      1577
      1604
      1549
      1645
      1577
      1611
      1604
      1589
      1623
      1548
      1616
      1600
      1676
      1641
      1615
      1583
      1602
      1629
      1660
      1692
      1726
      1695
      1659
      1669
      1790
      1722
      1730
      1757
      1750
      1793
      1873
      1923
      1976
      1890
      1957
      1910
      2006
      1927
      2045
      2022
      2087
      2062
      2052
      2140
      2131
      2141
      2199
      2225
      2225
      2312
      2249
      2211
      2165
      2239
      2254
      2230
      2184
      2245
      2160
      2203
      2237
      2289
      2195
      2096
      2138
      2186
      2163
      2146
      2060
      2162
      2096
      2031
      2120
      2088
      2066
      2065
      1981
      2010
      2170
      1991
      2020
      2077
      2074
      2083
      2059
      2074
      2044
      1943
      2006
      2057
      2033
      1940
      2002
      2027
      2041
      2032
      1950
      1905
      2010
      1971
      1974
      2003
      1954
      1952
      1881
      1972
      1877
      1901
      1960
      1978
      1864
      1804
      1874
      1880
      1840
      1810
      1817
      1816
      1802
      1881
      1858
      1859
      1876
      1878
      1799
      1892
      1899
      1829
      1837
      1841
      1807
      1873
      1782
      1901
      1870
      1739
      1850
      1754
      1781
      1723
      1788
      1706
      1759
      1707
      1718
      1769
      1737
      1842
      1661
      1679
      1659
      1736
      1742
      1688
      1665
      1657
      1648
      1633
      1705
      1622
      1622
      1625
      1656
      1547
      1623
      1669
      1604
      1633
      1699
      1612
      1562
      1605
      1652
      1609
      1575
      1569
      1624
      1569
      1654
      1566
      1540
      1629
      1622
      1594
      1587
      1516
      1594
      1583
      1609
      1531
      1687
      1518
      1535
      1622
      1569
      1542
      1605
      1623
      1655
      1523
      1563
      1523
      1580
      1612
      1567
      1534
      1525
      1495
      1507
      1587
      1526
      1539
      1596
      1509
      1571
      1575
      1561
      1525
      1568
      1559
      1528
      1620
      1489
      1519
      1553
      1466
      1537
      1513
      1460
      1474
      1448
      1503
      1417
      1555
      1477
      1455
      1502
      1488
      1431
      1477
      1490
      1523
      1439
      1445
      1491
      1494
      1485
      1413
      1427
      1434
      1461
      1452
      1421
      1479
      1459
      1401
      1506
      1446
      1515
      1436
      1356
      1431
      1432
      1430
      1431
      1443
      1340
      1421
      1402
      1421
      1418
      1389
      1372
      1436
      1452
      1352
      1409
      1426
      1340
      1410
      1333
      1360
      1363
      1401
      1355
      1425
      1400
      1376
      1406
      1472
      1378
      1369
      1368
      1355
      1376
      1439
      1393
      1397
      1356
      1379
      1344
      1384
      1374
      1399
      1381
      1387
      1323
      1386
      1317
      1415
      1376
      1389
      1371
      1415
      1301
      1361
      1391
      1387
      1394
      1351
      1396
      1386
      1378
      1342
      1337
      1324
      1353
      1344
      1277
      1396
      1369
      1301
      1332
      1304
      1332
      1359
      1381
      1308
      1324
      1310
      1367
      1391
      1352
      1270
      1305
      1409
      1311
      1357
      1360
      1345
      1326
      1391
      1336
      1376
      1398
      1329
      1338
      1323
      1345
      1262
      1292
      1330
      1351
      1341
      1293
      1293
      1347
      1255
      1315
      1268
      1359
      1264
      1289
      1324
      1313
      1293
      1260
      1321
      1319
      1345
      1366
      1234
      1307
      1287
      1362
      1335
      1355
      1315
      1251
      1245
      1253
      1347
      1292
      1237
      1344
      1328
      1277
      1290
      1335
      1333
      1331
      1254
      1332
      1284
      1276
      1274
      1312
      1254
      1336
      1310
      1251
      1266
      1247
      1343
      1289
      1271
      1291
      1292
      1306
      1273
      1319
      1308
      1248
      1265
      1323
      1307
      1270
      1275
      1260
      1290
      1284
      1299
      1295
      1244
      1289
      1290
      1253
      1255
      1286
      1312
      1211
      1279
      1380
      1241
      1281
      1252
      1305
      1252
      1310
      1272
      1254
      1270
      1243
      1318
      1307
      1219
      1282
      1303
      1270
      1322
      1260
      1251
      1282
      1260
      1262
      1293
      1343
      1224
      1316
      1278
      1284
      1260
      1296
      1395
      1352
      1325
      1318
      1319
      1336
      1259
      1257
      1322
      1252
      1285
      1336
      1305
      1270
      1271
      1274
      1256
      1280
      1300
      1304
      1274
      1299
      1308
      1293
      1247
      1240
      1330
      1328
      1303
      1308
      1373
      1403
      1326
      1322
      1290
      1316
      1323
      1359
      1309
      1374
      1303
      1311
      1291
      1298
      1283
      1313
      1339
      1269
      1275
      1242
      1263
      1283
      1270
      1327
      1280
      1337
      1323
      1289
      1316
      1240
      1332
      1256
      1301
      1293
      1274
      1381
      1272
      1319
      1240
      1311
      1378
      1341
      1254
      1300
      1386
      1329
      1340
      1308
      1240
      1312
      1301
      1274
      1351
      1345
      1320
      1277
      1342
      1304
      1233
      1352
      1309
      1302
      1309
      1340
      1318
      1272
      1245
      1368
      1261
      1293
      1328
      1345
      1349
      1352
      1279
      1333
      1370
      1351
      1307
      1301
      1328
      1401
      1356
      1306
      1313
      1358
      1389
      1369
      1373
      1345
      1346
      1412
      1386
      1350
      1432
      1402
      1306
      1397
      1365
      1380
      1403
      1409
      1401
      1419
      1419
      1450
      1406
      1391
      1279
      1345
      1383
      1378
      1347
      1455
      1401
      1388
      1416
      1319
      1423
      1406
      1402
      1337
      1408
      1451
      1333
      1446
      1412
      1395
      1426
      1430
      1372
      1440
      1398
      1439
      1418
      1437
      1435
      1425
      1466
      1393
      1419
      1460
      1451
      1383
      1405
      1410
      1384
      1453
      1403
      1462
      1453
      1443
      1409
      1472
      1464
      1417
      1393
      1446
      1491
      1384
      1425
      1410
      1508
      1434
      1480
      1387
      1476
      1408
      1428
      1391
      1465
      1444
      1464
      1396
      1448
      1416
      1396
      1455
      1420
      1422
      1386
      1441
      1421
      1393
      1408
      1477
      1490
      1381
      1384
      1419
      1405
      1490
      1491
      1499
      1448
      1396
      1425
      1477
      1445
      1425
      1473
      1459
      1463
      1437
      1465
      1503
      1526
      1563
      1383
      1473
      1485
      1443
      1400
      1494
      1503
      1513
      1490
      1504
      1470
      1506
      1511
      1444
      1495
      1523
      1509
      1538
      1458
      1488
      1502
      1479
      1471
      1513
      1472
      1550
      1505
      1517
      1460
      1554
      1539
      1570
      1568
      1494
      1551
      1577
      1577
      1587
      1562
      1506
      1574
      1471
      1552
      1524
      1451
      1516
      1454
      1517
      1519
      1528
      1481
      1492
      1474
      1554
      1570
      1469
      1544
      1431
      1446
      1443
      1493
      1455
      1431
      1422
      1416
      1407
      1419
      1430
      1418
      1388
      1416
      1446
      1366
      1338
      1319
      1327
      1363
      1344
      1373
      1312
      1276
      1302
      1246
      1185
      1247
      1236
      1179
      1188
      1211
      1267
      1190
      1229
      1154
      1186
      1164
      1200
      1197
      1155
      1121
      1118
      1135
      1127
      1109
      1128
      1107
      1120
      1094
      1023
      1101
      1081
      1068
      1137
      1047
      1002
      1081
      1082
      1057
      1011
      1029
      1008
      1061
      1007
       963
       979
       971
       963
      1013
      1028
       942
       942
      1027
       938
       961
       960
      1022
       978
      1001
       985
       990
       945
       984
       963
       914
      1021
       917
       920
       973
       948
       947
       952
       940
      1019
       863
       972
       988
       964
       972
       926
       949
       978
       959
       963
       947
       916
       952
       969
       952
       949
       947
       950
       931
       967
       924
       932
       933
      1007
       969
       951
       920
       974
       969
       970
       895
       969
       936
       939
       906
       928
       953
       894
       951
       930
       947
       854
       892
       907
       889
       892
       893
       894
       900
       954
       890
       898
       896
       863
       877
       856
       893
       903
       877
       938
       929
       868
       867
       922
       899
       884
       955
       932
       994
       914
      1014
      1016
       977
      1014
      1046
      1044
      1160
      1137
      1165
      1180
      1226
      1247
      1226
      1441
      1449
      1483
      1475
      1628
      1663
      1806
      1749
      1814
      1867
      1995
      2054
      2130
      2309
      2319
      2396
      2503
      2543
      2734
      2815
      2903
      3075
      3132
      3298
      3333
      3509
      3514
      3694
      3892
      3907
      3982
      4193
      4202
      4373
      4500
      4440
      4691
      4825
      4863
      4981
      4950
      4892
      5109
      5172
      5140
      5380
      5441
      5328
      5478
      5538
      5440
      5550
      5423
      5444
      5371
      5475
      5355
      5354
      5437
      5386
      5240
      5173
      5129
      5060
      5130
      4951
      4841
      4756
      4566
      4485
      4390
      4268
      4269
      3980
      4007
      3777
      3785
      3647
      3395
      3485
      3240
      3062
      3002
      2910
      2771
      2634
      2560
      2394
      2309
      2186
      2153
      2033
      1909
      1814
      1642
      1632
      1549
      1479
      1415
      1292
      1197
      1133
      1064
       985
       955
       904
       862
       798
       735
       681
       645
       562
       603
       545
       470
       480
       437
       417
       383
       397
       342
       309
       302
       308
       312
       280
       275
       242
       274
       278
       264
       278
       282
       275
       267
       288
       312
       277
       290
       323
       312
       361
       362
       359
       362
       427
       480
       437
       495
       517
       509
       575
       612
       664
       677
       696
       750
       806
       867
       936
       972
      1022
      1080
      1171
      1204
      1268
      1336
      1387
      1516
      1528
      1582
      1598
      1749
      1864
      1978
      1984
      2097
      2228
      2235
      2324
      2438
      2654
      2722
      2728
      2848
      2814
      2950
      3045
      3200
      3341
      3277
      3435
      3586
      3664
      3717
      3805
      3744
      3931
      3978
      3981
      4026
      4153
      4240
      4172
      4375
      4277
      4346
      4329
      4554
      4460
      4319
      4408
      4409
      4387
      4411
      4393
      4388
      4391
      4455
      4348
      4268
      4168
      4135
      4131
      4098
      4009
      4033
      3818
      3768
      3734
      3557
      3587
      3402
      3382
      3267
      3270
      3231
      2947
      2931
      2760
      2716
      2684
      2651
      2499
      2473
      2302
      2186
      2076
      2051
      1987
      1813
      1707
      1793
      1659
      1568
      1456
      1446
      1289
      1228
      1128
      1084
      1008
       998
       925
       888
       787
       797
       691
       641
       657
       550
       564
       506
       465
       452
       404
       383
       312
       350
       288
       280
       285
       246
       216
       203
       183
       180
       150
       140
        99
       138
       105
        83
        89
        90
        72
        57
        77
        68
        64
        44
        47
        30
        30
        40
        37
        20
        17
        22
        31
        18
        19
        13
        16
        16
        12
        11
         7
        11
         5
         8
         8
        15
        14
         9
         4
         6
         6
        10
         6
         7
         5
         4
         8
         6
         3
         7
         7
         5
         4
         7
         5
         4
         7
        12
         1
        10
         5
         7
         5
         9
         7
         3
         8
         3
         5
         5
         8
         9
         5
        10
         5
         5
         6
         4
         2
         6
         7
         6
         4
         2
         9
         6
         9
         6
         5
         6
         2
         4
         4
         4
         6
         5
         0
         3
         5
         3
         6
         3
         6
         5
         6
         6
        14
         9
         7
         3
         7
         7
         9
         8
         5
         1
         6
         7
         4
         5
        10
         6
         7
         6
        10
         6
         5
         7
         4
         1
         3
         7
         5
         2
         6
         3
         7
         1
         2
         3
         8
         2
         3
         6
         2
         3
         3
         3
         8
         6
         6
         8
         7
         5
         6
         3
         5
         6
         9
         7
         6
         7
         6
         5
         6
         6
         5
         5
         7
         5
         9
        10
         7
         5
         6
         6
         6
         4
         6
         5
         3
         7
         9
         8
         6
         6
         4
         3
         7
         7
         1
         8
         5
         6
         5
         3
         6
         8
         1
        12
         6
         3
         5
         5
         5
         2
         7
         4
         9
         8
         8
         6
         4
         1
         6
         6
         8
         8
         9
         5
         7
         5
         8
         5
         6
         7
         3
         3
         6
         4
         7
         5
         6
         9
         6
         8
         6
         3
         5
         0
         6
         9
         5
         6
         5
         9
         9
         5
         6
         7
         3
         6
         4
         1
         1
         4
         5
         5
         5
        12
         6
         5
         6
         4
         5
         4
        13
         6
         9
         3
         8
        10
         5
         6
         5
         5
         5
         5
         1
         2
         7
         5
         4
         0
         8
         5
        12
         4
         3
         4
         4
         3
         6
         7
         3
         7
         6
        10
         1
         6
         2
         7
         2
         3
         7
         3
         3
         2
         6
         7
         3
         4
         3
         4
         3
         5
         1
         3
         2
         3
         2
         1
         3
         1
         2
         6
         2
         1
         4
         5
         6
         8
         4
         1
         4
         4
         4
         3
         3
         3
         4
         7
         6
         5
         3
         5
         7
         4
         2
         2
         2
         2
         4
         5
         1
         3
         1
         5
         5
         1
         3
         3
         2
         5
         4
         6
         1
         7
         4
         1
         7
         6
         1
         2
         2
         1
         3
         3
         1
         4
         1
         3
         8
         4
         3
         4
         9
         2
         5
         4
         4
         2
         4
         7
         1
         2
         4
         3
         5
         5
         6
         5
         5
         4
         3
         3
         5
         6
         4
         3
         1
         5
         4
         3
         8
         3
         0
         3
         4
         2
         5
         4
         4
         3
         3
         6
         1
         4
         5
         5
         2
         7
         2
         1
         6
         3
         2
         4
         6
         5
         2
         3
         7
         2
         1
         8
         2
         5
         6
         4
         3
         1
         6
         2
         4
         5
         5
         5
         3
         2
         2
         3
         1
         3
         4
         8
         7
         2
         2
         2
         1
         2
         2
         4
         4
         2
         1
         8
         4
         2
         5
         2
         5
         1
         0
         3
         0
         3
         2
         3
         5
         5
         4
         4
         3
         2
         4
         3
         4
         4
         0
         3
         1
         6
         1
         7
         2
         3
         5
         3
         2
         1
         0
         1
         2
         1
         2
         5
         3
         4
         4
         3
         3
         3
         2
         4
         3
         7
         3
         1
         5
         3
         1
         3
         0
         4
         0
         5
         2
         1
         0
         3
         1
         2
         1
         1
         5
         1
         0
         3
         4
         1
         1
         1
         2
         2
         1
         1
         3
         5
         0
         2
         4
         2
         4
         2
         3
         1
         2
         1
         2
         1
         4
         5
         0
         2
         0
         1
         2
         1
         5
         1
         2
         4
         2
         2
         2
         4
         3
         2
         3
         1
         2
         2
         2
         2
         0
         2
         3
         4
         1
         1
         1
         3
         1
         4
         2
         5
         4
         1
         4
         1
         0
         3
         0
         0
         2
         2
         0
         1
         2
         3
         1
         0
         2
         1
         4
         3
         1
         2
         2
         4
         0
         2
         2
         2
         3
         2
         2
         5
         0
         2
         2
         4
         1
         1
         7
         3
         0
         2
         3
         4
         1
         2
         4
         2
         3
         2
         3
         2
         0
         4
         4
         3
         1
         1
         3
         1
         1
         3
         2
         5
         3
         4
         2
         3
         2
         2
         1
         0
         3
         2
         6
         2
         5
         3
         1
         2
         2
         6
         6
         4
         2
         5
         1
         3
         4
         2
         4
         3
         2
         1
         2
         4
         3
         2
         3
         1
         3
         1
         5
         3
         3
         3
         2
         2
         1
         1
         2
         1
         2
         7
         0
         6
         2
         4
         3
         1
         2
         4
         2
         0
         3
         0
         3
         2
         1
         0
         0
         3
         2
         3
         3
         2
         3
         1
         2
         1
         5
         1
         2
         2
         3
         3
         5
         2
         3
         2
         3
         1
         5
         3
         2
         2
         3
         3
         2
         2
         2
         2
         1
         5
         3
         4
         2
         3
         4
         2
         5
         0
         4
         1
         0
         3
         2
         4
         3
         5
         3
         1
         0
         0
         2
         1
         3
         2
         0
         0
         3
         3
         2
         5
         3
         2
         1
         2
         4
         4
         2
         0
         2
         3
         3
         3
         1
         2
         4
         1
         2
         3
         2
         1
         3
         5
         3
         2
         3
         2
         3
         1
         0
         2
         1
         1
         1
         2
         3
         1
         1
         0
         2
         2
         2
         3
         2
         0
         4
         0
         1
         0
         0
         2
         2
         1
         0
         4
         3
         2
         4
         6
         1
         3
         2
         2
         4
         1
         3
         5
         3
         4
         2
         1
         2
         4
         1
         1
         3
         0
         4
         5
         3
         4
         3
         1
         2
         1
         5
         1
         0
         3
         1
         3
         2
         0
         1
         0
         1
         1
         7
         0
         0
         5
         4
         2
         1
         3
         4
         0
         2
         2
         2
         2
         3
         2
         1
         1
         0
         0
         0
         0
         0
         2
         1
         0
         0
         1
         2
         1
         0
         1
         1
         0
         2
         0
         3
         1
         0
         1
         1
         1
         0
         3
         0
         2
         3
         1
         0
         1
         1
         0
         1
         1
         1
         0
         0
         4
         2
         1
         0
         1
         0
         2
         0
         1
         0
         2
         1
         1
         0
         0
         1
         0
         2
         2
         0
         1
         1
         1
         0
         2
         2
         0
         1
         2
         1
         1
         1
         1
         0
         3
         1
         0
         2
         1
         0
         2
         1
         1
         0
         0
         2
         0
         3
         3
         1
         0
         0
         0
         3
         0
         3
         0
         1
         0
         2
         0
         2
         3
         3
         0
         2
         3
         2
         3
         0
         1
         3
         0
         2
         3
         0
         3
         0
         4
         2
         2
         5
         4
         4
         2
         5
         1
         3
         2
         2
         4
         2
         1
         1
         0
         3
         6
         4
         3
         5
         4
         6
         4
         3
         3
         1
         4
         4
         3
         4
         3
         3
         3
         4
         6
         5
        10
         5
         7
         4
         3
         3
         7
         7
         5
         9
         8
         6
         5
         5
         4
         9
         6
         7
         5
         6
         5
         3
         9
         6
         4
         4
         3
        11
         5
         4
         3
         4
         3
         4
        12
        10
         2
         3
         5
         7
         6
         6
         1
         5
         6
         7
         2
         4
         5
         3
         1
         4
         6
         4
         5
         4
         3
         4
         2
         6
         4
         2
         4
         5
         2
         4
         4
         3
         6
         4
         2
         5
         3
         5
         3
         1
         4
         2
         1
         2
         4
         4
         2
         2
         1
         1
         4
         1
         1
         0
         1
         1
         1
         4
         3
         2
         2
         1
         0
         1
         2
         0
         1
         1
         2
         2
         0
         0
         1
         2
         4
         0
         1
         0
         1
         1
         1
         1
         0
         2
         0
         0
         1
         0
         1
         0
         1
         0
         1
         1
         1
         0
         1
         0
         1
         0
         1
         0
         0
         0
         0
         0
         0
         0
         0
         0
         0
         0
         0
         0
         0
         0
         0
         0
         0
         0
         0
         1
         1
         0
         0
         0
         0
         0
         0
         0
         0
         0
         1
         0
         0
         0
         0
         1
         0
         0
         0
         0
         0
         0
         0
         0
         0
         0
         0
         0
         0
         0
         0
         0
         0
         0
         0
         0
         0
         0
         0
         0
         0
         0
         0
         0
         0
         0
         0
         0
         0
         0
         0
         0
         0
         0
         0
         0
         0
         0
         0
         0
         0
         0
         0
         0
         0
         0
         0
         0
         0
         0
         0
         0
         0
         0
         0
         0
         0
         0
         0
         0
         0
         0
         0
         0
         0
         0
         0
         0
         0
         0
         0
         0
         0
         0
         0
         0
         0
         0
         0
         0
         0
         0
         0
         0
         0
         0
         0
         0
         0
         0
         0
         0
         0
         0
         0
         0
         0
         0
         0
         0
         0
         0
         0
         0
         0
         0
         0
         0
         0
         0
         0
         0
         0
         0
         0
         0
         0
         0
         0
         0
         0
         0
         0
         0
         0
         0
         0
         0
         0
         0
         0
         0
         0
         0
         0
         0
         0
         0
         0
         0
         0
         0
         0
         0
         0
         0
         0
         0
         0
         0
         0
         0
         0
         0
         0
         0
         0
         0
         0
         0
         0
         0
         0
         0
         0
         0
         0
         0
         0
         0
         0
         0
         0
         0
         0
         0
         0
         0
         0
         0
         0
         0
         0
         0
         0
         0
         0
         0
         0
         0
         0
         0
         0
         0
         0
         0
         0
         0
         0
         0
         0
         0
         0
         0
         0
         0
         0
         0
         0
         0
         0
         0
         0
         0
         0
         0
         0
         0
         0
         0
         0
         0
         0
         0
         0
         0
         0
         0
         0
         0
         0
         0
         0
         0
         0
         0
         0
         0
         0
         0
         0
         0
         0
         0
         0
         0
         0
         0
         0
         0
         0
         0
         0
         0
         0
         0
         0
         0
         0
         0
         0
         0
         0
         0
         0
         0
         0
         0
         0
         0
         0
         0
         0
         0
         0
         0
         0
         0
         0
         0
         0
         0
         0
         0
         0
         0
         0
         0
         0
         0
         0
         0
         0
         0
         0
         0
         0
         0
         0
         0
         0
         0
         0
         0
         0
         0
         0
         0
         0
         0
         0
         0
         0
         0
         0
         0
         0
         0
         0
         0
         0
         0
         0
         0
         0
         0
         0
         0
         0
         0
         0
         0
         0
         0
         0
         0
         0
         0
         0
         0
         0
         0
         0
