         0
         0
         0
         0
         0
         0
         0
         0
         0
         0
       930
       973
      1015
      1035
       992
      1015
      1046
      1086
      1026
      1025
      1034
      1055
      1069
      1170
      1177
      1100
      1163
      1196
      1159
      1233
      1221
      1246
      1217
      1229
      1185
      1226
      1216
      1182
      1222
      1190
      1195
      1143
      1165
      1171
      1100
      1110
      1116
      1201
      1091
      1071
      1078
      1115
      1154
      1143
      1157
      1144
      1044
      1069
      1066
      1102
      1108
      1151
      1166
      1074
      1148
      1163
      1074
      1115
      1087
      1159
      1143
      1114
      1162
      1077
      1033
      1082
      1089
      1099
      1079
      1117
      1077
      1106
      1097
      1107
      1152
      1080
      1196
      1135
      1158
      1193
      1157
      1188
      1125
      1148
      1180
      1127
      1214
      1120
      1158
      1142
      1167
      1178
      1153
      1146
      1143
      1124
      1165
      1147
      1073
      1120
      1165
      1152
      1131
      1079
      1114
      1113
      1140
      1158
      1135
      1112
      1133
      1223
      1134
      1121
      1133
      1156
      1124
      1144
      1163
      1188
      1219
      1204
      1092
      1111
      1235
      1196
      1183
      1093
      1143
      1019
      1119
      1132
      1066
      1194
      1204
      1164
      1106
      1105
      1097
      1124
      1059
      1123
      1118
      1101
      1099
      1149
      1057
      1125
      1108
      1162
      1149
      1165
      1079
      1113
      1125
      1136
      1117
      1114
      1064
      1119
      1079
      1087
      1152
      1075
      1102
      1158
      1170
      1129
      1037
      1073
      1170
      1059
      1080
      1127
      1086
      1088
      1099
      1131
      1092
      1096
      1137
      1134
      1158
      1132
      1164
      1151
      1154
      1199
      1187
      1197
      1190
      1176
      1205
      1220
      1236
      1203
      1296
      1238
      1232
      1247
      1309
      1326
      1303
      1419
      1394
      1293
      1361
      1356
      1382
      1270
      1415
      1400
      1437
      1434
      1358
      1382
      1431
      1434
      1408
      1395
      1393
      1388
      1466
      1396
      1460
      1419
      1426
      1383
      1353
      1453
      1388
      1427
      1378
      1401
      1442
      1441
      1316
      1443
      1371
      1407
      1403
      1391
      1400
      1403
      1379
      1326
      1369
      1282
      1310
      1355
      1344
      1344
      1406
      1357
      1352
      1333
      1299
      1288
      1339
      1407
      1372
      1346
      1305
      1348
      1339
      1290
      1362
      1335
      1356
      1332
      1285
      1299
      1312
      1336
      1337
      1288
      1322
      1333
      1280
      1377
      1373
      1240
      1289
      1320
      1305
      1334
      1286
      1249
      1331
      1350
      1342
      1356
      1322
      1305
      1332
      1278
      1341
      1370
      1309
      1386
      1276
      1342
      1386
      1310
      1359
      1350
      1314
      1334
      1291
      1294
      1213
      1293
      1234
      1218
      1236
      1271
      1201
      1172
      1252
      1276
      1242
      1232
      1279
      1268
      1204
      1203
      1199
      1255
      1259
      1183
      1238
      1219
      1192
      1221
      1254
      1160
      1217
      1171
      1206
      1232
      1206
      1219
      1208
      1099
      1233
      1256
      1218
      1170
      1206
      1248
      1270
      1234
      1156
      1203
      1260
      1205
      1230
      1230
      1190
      1201
      1184
      1222
      1145
      1200
      1119
      1221
      1191
      1194
      1154
      1121
      1188
      1145
      1170
      1239
      1222
      1194
      1153
      1221
      1189
      1202
      1193
      1127
      1111
      1268
      1179
      1191
      1267
      1194
      1183
      1236
      1247
      1192
      1185
      1196
      1309
      1224
      1243
      1285
      1221
      1186
      1272
      1210
      1167
      1179
      1225
      1215
      1232
      1231
      1153
      1184
      1168
      1197
      1226
      1188
      1220
      1223
      1167
      1212
      1173
      1145
      1250
      1154
      1247
      1243
      1110
      1195
      1165
      1222
      1217
      1214
      1163
      1223
      1222
      1234
      1210
      1153
      1145
      1199
      1209
      1252
      1222
      1203
      1173
      1175
      1193
      1182
      1190
      1221
      1217
      1187
      1230
      1128
      1217
      1233
      1177
      1196
      1139
      1252
      1198
      1213
      1200
      1169
      1125
      1251
      1176
      1215
      1104
      1236
      1209
      1200
      1184
      1296
      1197
      1213
      1181
      1193
      1226
      1203
      1249
      1202
      1206
      1201
      1242
      1146
      1197
      1171
      1164
      1121
      1169
      1169
      1212
      1199
      1149
      1152
      1163
      1163
      1229
      1207
      1132
      1166
      1204
      1153
      1127
      1196
      1212
      1207
      1178
      1181
      1206
      1177
      1195
      1229
      1212
      1160
      1261
      1129
      1128
      1178
      1192
      1162
      1190
      1155
      1180
      1149
      1170
      1177
      1160
      1142
      1198
      1106
      1185
      1171
      1160
      1180
      1182
      1137
      1206
      1176
      1215
      1258
      1144
      1170
      1155
      1218
      1182
      1157
      1192
      1146
      1197
      1085
      1159
      1250
      1194
      1200
      1231
      1279
      1180
      1180
      1074
      1169
      1151
      1155
      1158
      1182
      1172
      1211
      1161
      1206
      1107
      1221
      1096
      1201
      1243
      1206
      1180
      1199
      1174
      1122
      1201
      1160
      1225
      1236
      1125
      1225
      1201
      1219
      1208
      1166
      1232
      1163
      1232
      1168
      1183
      1241
      1177
      1244
      1143
      1208
      1154
      1221
      1214
      1210
      1231
      1204
      1245
      1189
      1145
      1241
      1220
      1220
      1129
      1187
      1238
      1254
      1290
      1260
      1156
      1209
      1179
      1180
      1264
      1242
      1201
      1271
      1288
      1269
      1289
      1232
      1249
      1258
      1230
      1276
      1241
      1241
      1237
      1367
      1250
      1212
      1271
      1266
      1324
      1231
      1256
      1178
      1310
      1254
      1234
      1301
      1308
      1303
      1302
      1287
      1293
      1287
      1250
      1296
      1302
      1326
      1248
      1279
      1314
      1295
      1341
      1256
      1307
      1250
      1321
      1362
      1376
      1322
      1269
      1330
      1316
      1282
      1291
      1286
      1322
      1293
      1300
      1260
      1400
      1317
      1333
      1234
      1315
      1301
      1405
      1250
      1304
      1291
      1428
      1342
      1278
      1287
      1334
      1360
      1399
      1308
      1267
      1317
      1302
      1287
      1272
      1289
      1318
      1324
      1336
      1320
      1346
      1287
      1310
      1278
      1336
      1307
      1292
      1340
      1296
      1290
      1288
      1327
      1325
      1368
      1297
      1337
      1364
      1324
      1334
      1370
      1315
      1268
      1355
      1400
      1319
      1364
      1278
      1319
      1319
      1311
      1371
      1347
      1353
      1402
      1354
      1359
      1299
      1357
      1380
      1304
      1326
      1354
      1366
      1402
      1390
      1342
      1362
      1462
      1403
      1351
      1350
      1384
      1448
      1362
      1403
      1321
      1407
      1336
      1383
      1416
      1387
      1384
      1389
      1449
      1454
      1419
      1449
      1462
      1427
      1412
      1436
      1401
      1457
      1400
      1475
      1426
      1400
      1481
      1426
      1455
      1398
      1466
      1466
      1475
      1394
      1453
      1424
      1442
      1426
      1458
      1425
      1406
      1412
      1464
      1485
      1453
      1511
      1420
      1467
      1480
      1422
      1429
      1504
      1447
      1473
      1462
      1431
      1427
      1489
      1476
      1419
      1468
      1465
      1462
      1457
      1419
      1460
      1468
      1436
      1406
      1495
      1441
      1483
      1447
      1475
      1398
      1510
      1439
      1515
      1480
      1465
      1446
      1509
      1495
      1449
      1480
      1482
      1488
      1492
      1477
      1493
      1426
      1523
      1486
      1409
      1425
      1482
      1521
      1488
      1519
      1472
      1485
      1480
      1518
      1501
      1509
      1545
      1540
      1457
      1448
      1474
      1520
      1485
      1534
      1526
      1508
      1457
      1564
      1533
      1558
      1607
      1610
      1559
      1603
      1506
      1655
      1581
      1510
      1628
      1568
      1591
      1614
      1616
      1558
      1597
      1530
      1592
      1575
      1587
      1559
      1464
      1578
      1578
      1599
      1604
      1575
      1578
      1607
      1662
      1647
      1596
      1506
      1613
      1544
      1668
      1592
      1583
      1605
      1583
      1623
      1550
      1533
      1541
      1582
      1590
      1578
      1576
      1519
      1716
      1574
      1553
      1616
      1599
      1574
      1569
      1580
      1536
      1500
      1539
      1559
      1560
      1473
      1493
      1499
      1530
      1487
      1448
      1420
      1442
      1441
      1423
      1486
      1400
      1404
      1388
      1450
      1431
      1385
      1329
      1346
      1346
      1274
      1299
      1280
      1310
      1305
      1271
      1314
      1239
      1198
      1212
      1191
      1183
      1249
      1243
      1184
      1213
      1109
      1173
      1177
      1142
      1143
      1132
      1163
      1144
      1117
      1101
      1135
      1078
      1127
      1063
      1095
      1117
      1035
      1083
      1050
      1077
      1018
      1030
      1031
      1036
      1088
      1011
      1063
      1050
      1086
      1076
      1088
      1046
      1056
      1056
      1034
      1124
       999
      1025
      1020
      1019
      1057
      1004
      1054
      1000
      1047
      1026
       994
       954
       950
      1010
       981
       972
      1046
      1009
       974
       982
       962
       962
      1032
       999
       904
       993
       972
      1067
      1010
      1004
       948
      1017
       946
      1023
       954
       955
       970
      1011
       946
       989
       959
       965
       994
       959
       990
       936
       950
       975
       937
       978
       904
       997
       977
       954
       925
       929
       953
       941
       939
       950
       923
       894
       907
       935
       971
       942
       959
       939
       915
       880
       979
       920
       881
       963
       907
       950
       911
       977
      1002
       975
      1007
       953
      1001
      1037
      1003
       976
      1049
      1068
      1074
      1086
      1126
      1174
      1219
      1185
      1289
      1316
      1320
      1486
      1416
      1509
      1596
      1647
      1709
      1827
      1843
      1893
      1952
      2090
      2183
      2247
      2296
      2395
      2589
      2661
      2781
      2878
      2992
      3141
      3203
      3421
      3411
      3593
      3761
      3936
      4118
      4080
      4187
      4316
      4397
      4694
      4765
      4889
      5157
      5187
      5219
      5446
      5579
      5721
      5772
      5776
      5805
      6155
      6111
      6124
      6063
      6225
      6371
      6253
      6401
      6380
      6392
      6353
      6404
      6347
      6409
      6353
      6188
      6381
      6317
      6141
      6169
      6007
      5909
      5882
      5797
      5768
      5545
      5370
      5213
      5188
      5064
      4884
      4706
      4648
      4456
      4400
      4196
      4099
      3934
      3828
      3604
      3399
      3280
      3251
      3112
      2960
      2917
      2732
      2514
      2420
      2325
      2206
      2113
      2105
      1753
      1746
      1629
      1556
      1430
      1390
      1317
      1255
      1147
      1108
       990
       929
       857
       841
       725
       719
       680
       576
       559
       547
       513
       504
       454
       435
       372
       347
       367
       361
       332
       295
       275
       273
       274
       247
       282
       263
       244
       261
       273
       263
       281
       268
       303
       313
       329
       334
       348
       374
       407
       397
       418
       438
       521
       519
       533
       593
       592
       676
       684
       712
       847
       847
       885
       963
       991
      1097
      1172
      1244
      1237
      1343
      1382
      1481
      1596
      1761
      1703
      1852
      1870
      1935
      2092
      2234
      2269
      2449
      2508
      2572
      2613
      2851
      2971
      3087
      3121
      3219
      3323
      3496
      3493
      3612
      3776
      3873
      3884
      4167
      4242
      4324
      4400
      4421
      4479
      4708
      4607
      4739
      4765
      4718
      5008
      4947
      4935
      5064
      5208
      5135
      4970
      5326
      5099
      5029
      5137
      5111
      5175
      5101
      5044
      5046
      4994
      4970
      4911
      4901
      4838
      4761
      4631
      4728
      4493
      4335
      4225
      4327
      4124
      4157
      3965
      3869
      3782
      3668
      3593
      3389
      3250
      3250
      3000
      3028
      2866
      2799
      2601
      2539
      2467
      2424
      2312
      2178
      2041
      1990
      1899
      1734
      1630
      1625
      1488
      1418
      1356
      1318
      1174
      1124
      1127
      1043
       965
       886
       844
       761
       675
       699
       664
       624
       553
       536
       474
       454
       393
       353
       352
       296
       305
       275
       272
       235
       226
       200
       182
       133
       148
       128
       144
       102
       103
        96
        71
        73
        70
        72
        60
        47
        44
        43
        36
        33
        45
        28
        27
        19
        26
        18
        18
        16
        22
        18
        12
        15
        14
         8
         4
         6
         8
        11
         9
         6
         8
         8
        10
         6
         4
         9
        10
         4
         2
         6
         6
         3
         8
         1
         9
         3
         4
         1
         3
         4
         5
         6
         5
         8
         3
         3
         2
         4
         5
         3
         2
         2
         3
         4
         4
         4
         5
         2
         6
         4
         6
         5
         5
         4
         7
         4
         6
         1
         5
         4
         4
         6
         2
         6
         5
         5
         6
         4
         5
         3
         3
         2
         1
         1
         4
         3
         4
         1
         2
         2
         4
         4
         2
         1
         3
         2
         2
         5
         2
         6
         3
         5
         1
         2
         3
         5
         1
         4
         6
         6
         5
         3
         6
         1
         2
         3
         2
         4
         7
         4
         2
         4
         3
         3
         3
         3
         0
         2
         2
         4
         3
         1
         1
         2
         6
         7
         5
         5
         4
         4
         4
         2
         2
         3
         3
         1
         5
         4
         2
         6
         6
         0
         2
         2
         4
         5
         5
         7
         2
         3
         3
         3
         5
         4
         5
         6
         2
         4
         4
         5
         2
         3
        10
         1
         1
         1
         5
         5
         3
         2
         2
         5
         2
         3
         6
         4
         2
         2
         2
         6
         7
         4
         5
         3
         1
         7
         1
         6
         4
         4
         4
         6
         3
         4
         4
         3
         5
         1
         4
         5
         5
         8
         3
         6
         4
         4
         2
         4
         4
         4
         7
         6
         1
         4
         5
         1
         3
         2
         5
         3
         6
         6
         4
         3
         4
         4
         9
         4
         2
         4
         2
         6
         5
         3
         6
         3
         5
         7
         3
         3
         6
         4
         5
         5
         1
         5
         5
         4
         3
         3
         0
         5
         6
         2
         1
         1
         4
         3
         6
         4
         1
         4
         2
         2
         2
         1
         8
         7
         1
         7
         5
         0
         5
         5
         2
         3
         7
         3
         3
         3
         1
         0
         4
         4
         1
         4
         3
         2
         2
         7
         2
         3
         5
         0
         2
         5
         6
         4
         2
         4
         4
         3
         7
         2
         5
         8
         4
         4
         4
         3
         4
         5
         2
         1
         3
         5
         4
         4
         4
         3
         2
         2
         2
         4
         3
         4
         2
         2
         1
         4
         3
         3
         4
         1
         3
         3
         2
         0
         2
         5
         1
         3
         2
         3
         7
         3
         6
         2
         5
         2
         3
         5
         3
         3
         3
         4
         3
         5
         4
         4
         1
         3
         4
         3
         3
         1
         4
         5
         5
         3
         3
         3
         2
         5
         5
         2
         5
         4
         3
         4
         3
         3
         1
         3
         1
         2
         2
         3
         6
         3
         3
         6
         4
         3
         1
         2
         6
         4
         2
         4
         5
         1
         3
         2
         2
         4
         2
         5
         4
         4
         8
         4
         5
         1
         4
         3
         4
         4
         4
         3
         1
         5
         2
         4
         2
         3
         3
         4
         6
         4
         0
         2
         4
         6
         3
         5
         1
         5
         3
         5
         7
         5
         3
         3
         6
         8
         4
         3
         2
         5
         3
         4
         4
         5
         3
         7
         4
         6
         4
         3
         9
         7
         2
         4
         3
         1
         6
         5
         5
         1
         2
         4
         5
         5
         4
         4
         4
         4
         1
         2
         8
         6
         5
         2
         3
         1
         3
         4
         4
         7
         7
         3
         1
         7
         2
         3
         3
         5
         7
         8
         5
         6
         0
         5
         6
         7
         3
         3
         2
         4
         7
         2
         4
         4
         4
         3
         5
         6
         1
         4
         2
         4
         5
         4
         2
         2
         3
         4
         2
         3
         4
         4
         4
         1
         3
         4
         5
         1
         3
         3
         2
         5
         6
         4
         7
         4
         6
         3
         4
         1
         3
         4
         4
        11
         3
         5
         4
         4
         2
         4
         5
         6
         1
         1
         7
         8
         2
         4
         4
         4
         5
         1
         6
         5
         2
         3
         0
         3
         3
         5
         7
         2
         5
         7
         5
         3
         2
         3
         2
         6
         5
         7
         1
         1
         4
         3
         3
         1
         4
         2
         3
         3
         6
         2
         4
         2
         6
         2
         3
         2
         6
         4
         4
         5
         4
         4
         6
         4
         7
         3
         3
         1
         5
         1
         2
         0
         5
         5
         6
         3
         4
         4
         2
         1
         1
         6
         3
         2
         5
         2
         3
         3
         2
         3
         3
         3
         0
         4
         4
         5
         2
         0
         5
         0
         5
         6
         4
         5
         6
         2
         4
         0
         3
         8
         4
         2
         4
         3
         5
         4
         5
         8
         2
         6
         6
         5
         2
         4
         5
         4
         6
         5
         5
         5
         4
         1
         1
         2
         1
         3
         2
         5
         4
         2
         4
         4
         3
         3
         5
         5
         2
         3
         2
         2
         5
         2
         6
         3
         2
         4
         2
         6
         3
         1
         5
         3
         4
         1
         5
         3
         6
         3
         2
         5
         4
         2
         1
         4
         1
         8
         5
         7
         4
         6
         5
         6
         4
         2
         7
         4
         2
         4
         6
         2
         5
         0
         1
         7
         2
         6
         2
         3
         5
         4
         5
         2
         4
         6
         0
         2
         2
         3
         2
         2
         4
         4
         6
         2
         6
         3
         9
         4
         2
         6
         7
         2
         4
         4
         8
         4
         4
         1
         6
         3
         5
         3
         4
         6
         7
         9
        10
         7
         2
         2
         4
         3
         8
         5
         3
         2
         4
         6
         6
         6
         2
         2
         1
         5
         4
         1
         1
         4
         9
         1
         5
         6
         2
         4
         2
         3
         7
         4
         6
         8
         5
         1
         4
         4
         4
         4
         5
         1
         4
         1
         4
         5
         6
         6
         3
         5
         3
         3
         2
         3
         5
         0
         0
         2
         3
         3
         2
         2
         2
         2
         8
         5
         2
         0
         4
         0
         4
         5
         3
         1
         3
         5
         2
         2
         4
         2
         1
         2
         2
         2
         3
         1
         0
         2
         0
         5
         1
         1
         0
         0
         2
         0
         3
         1
         3
         1
         3
         1
         2
         2
         3
         2
         1
         0
         2
         3
         1
         0
         2
         1
         2
         1
         4
         1
         0
         1
         1
         0
         0
         1
         2
         1
         0
         1
         0
         0
         0
         0
         0
         1
         1
         0
         1
         2
         2
         1
         0
         0
         0
         0
         1
         1
         2
         1
         0
         0
         1
         0
         0
         0
         1
         0
         1
         2
         0
         0
         1
         0
         1
         1
         1
         1
         2
         2
         0
         1
         0
         0
         1
         0
         0
         2
         2
         1
         0
         1
         2
         0
         0
         0
         1
         2
         1
         0
         1
         1
         3
         1
         2
         2
         2
         0
         1
         1
         2
         0
         1
         2
         1
         3
         6
         1
         1
         1
         1
         3
         3
         0
         2
         0
         2
         2
         2
         0
         2
         2
         0
         4
         6
         2
         5
         5
         3
         4
         6
         3
         6
         5
         3
         5
         6
         2
         6
         4
         8
         3
         3
         4
         3
         4
         6
         3
         9
         8
        11
         5
        12
         6
         4
        12
         7
         5
         7
         8
         8
         5
         1
        10
         4
         4
         4
         5
         3
        10
         3
         5
         5
         4
         5
         5
         6
         7
         8
         9
         6
         7
         5
        10
         7
         8
        10
         8
         5
         5
         9
         7
         4
         6
         7
         5
         6
         4
         7
         8
         5
         4
         9
         5
         6
         5
         9
         7
         7
         2
         6
         4
         5
         5
         5
         4
         4
         0
         4
         6
         7
         3
         7
         2
         6
         4
         3
         2
         3
         2
         3
         3
         3
         2
         1
         1
         5
         1
         1
         2
         3
         2
         1
         2
         5
         1
         4
         6
         4
         3
         3
         3
         1
         2
         1
         1
         0
         1
         1
         1
         1
         1
         1
         0
         0
         1
         0
         1
         1
         0
         1
         0
         3
         0
         0
         1
         0
         0
         0
         1
         0
         0
         3
         0
         0
         0
         0
         0
         1
         0
         0
         0
         2
         1
         1
         2
         0
         0
         0
         1
         0
         0
         0
         0
         0
         0
         0
         0
         0
         0
         0
         0
         0
         0
         0
         0
         0
         0
         0
         0
         0
         0
         0
         0
         0
         0
         0
         1
         0
         0
         0
         0
         0
         0
         0
         0
         0
         0
         0
         0
         0
         0
         0
         0
         0
         0
         0
         0
         0
         0
         0
         0
         0
         0
         0
         0
         0
         0
         0
         0
         0
         0
         0
         0
         0
         0
         0
         0
         0
         0
         0
         0
         0
         0
         0
         0
         0
         0
         0
         0
         0
         0
         0
         0
         0
         0
         0
         0
         0
         0
         0
         0
         0
         0
         0
         0
         0
         0
         0
         0
         0
         0
         0
         0
         0
         0
         0
         0
         0
         0
         0
         0
         0
         0
         0
         0
         0
         0
         0
         0
         0
         0
         0
         0
         0
         0
         0
         0
         0
         0
         0
         0
         0
         0
         0
         0
         0
         0
         0
         0
         0
         0
         0
         0
         0
         0
         0
         0
         0
         0
         0
         0
         0
         0
         0
         0
         0
         0
         0
         0
         0
         0
         0
         0
         0
         0
         0
         0
         0
         0
         0
         0
         0
         0
         0
         0
         0
         0
         0
         0
         0
         0
         0
         0
         0
         0
         0
         0
         0
         0
         0
         0
         0
         0
         0
         0
         0
         0
         0
         0
         0
         0
         0
         0
         0
         0
         0
         0
         0
         0
         0
         0
         0
         0
         0
         0
         0
         0
         0
         0
         0
         0
         0
         0
         0
         0
         0
         0
         0
         0
         0
         0
         0
         0
         0
         0
         0
         0
         0
         0
         0
         0
         0
         0
         0
         0
         0
         0
         0
         0
         0
         0
         0
         0
         0
         0
         0
         0
         0
         0
         0
         0
         0
         0
         0
         0
         0
         0
         0
         0
         0
         0
         0
         0
         0
         0
         0
         0
         0
         0
         0
         0
         0
         0
         0
         0
         0
         0
         0
         0
         0
         0
         0
         0
         0
         0
         0
         0
         0
         0
         0
         0
         0
         0
         0
         0
         0
         0
         0
         0
         0
         0
         0
         0
         0
         0
         0
         0
         0
         0
         0
         0
         0
         0
         0
         0
         0
         0
         0
         0
         0
         0
         0
         0
         0
         0
         0
         0
         0
         0
         0
         0
         0
         0
         0
         0
         0
         0
         0
         0
         0
         0
         0
         0
         0
         0
         0
         0
         0
         0
         0
         0
         0
         0
         0
         0
         0
         0
         0
         0
         0
         0
         0
         0
         0
         0
