         0
         0
         0
         0
         0
         0
         0
         0
         0
         0
      1155
      1182
      1243
      1277
      1187
      1157
      1121
      1111
      1121
      1175
      1239
      1110
      1157
      1114
      1142
      1246
      1179
      1134
      1108
      1118
      1146
      1185
      1122
      1143
      1159
      1111
      1122
      1186
      1188
      1226
      1235
      1237
      1250
      1237
      1257
      1231
      1196
      1191
      1179
      1186
      1175
      1217
      1152
      1164
      1086
      1114
      1066
      1060
      1160
      1142
      1257
      1171
      1186
      1176
      1265
      1226
      1269
      1257
      1276
      1281
      1273
      1268
      1234
      1283
      1296
      1383
      1306
      1312
      1373
      1352
      1361
      1381
      1422
      1454
      1366
      1459
      1558
      1520
      1554
      1564
      1489
      1506
      1586
      1570
      1571
      1656
      1611
      1633
      1600
      1600
      1642
      1713
      1735
      1722
      1810
      1817
      1831
      1898
      1907
      1938
      2065
      2031
      2011
      2114
      2123
      2158
      2186
      2275
      2314
      2357
      2319
      2424
      2407
      2456
      2442
      2417
      2593
      2565
      2483
      2642
      2648
      2678
      2727
      2728
      2591
      2711
      2639
      2692
      2807
      2723
      2692
      2670
      2633
      2689
      2778
      2749
      2836
      2844
      2846
      2787
      2844
      2768
      2850
      2890
      2825
      2892
      2887
      2922
      2776
      2805
      2879
      2904
      2924
      2856
      2949
      2816
      2881
      2909
      2926
      2822
      3017
      2880
      2855
      2821
      2859
      2911
      2927
      2848
      2846
      2916
      2884
      2977
      3061
      2854
      2982
      2914
      2987
      2933
      2970
      2911
      2858
      2951
      2955
      2981
      2875
      3007
      2942
      2883
      2866
      3003
      3000
      2902
      2951
      2862
      3048
      2900
      2929
      2958
      3016
      2970
      2971
      3068
      3019
      2942
      2911
      3028
      2954
      3090
      2999
      3006
      2924
      3099
      3021
      3103
      3035
      2905
      3034
      3095
      2974
      2956
      3057
      2933
      2983
      3054
      2950
      2939
      2992
      2968
      2912
      2892
      2846
      2921
      2965
      2931
      2820
      2834
      2768
      2760
      2752
      2778
      2740
      2693
      2747
      2833
      2810
      2769
      2642
      2721
      2687
      2739
      2618
      2655
      2639
      2587
      2672
      2640
      2658
      2625
      2643
      2637
      2568
      2621
      2480
      2601
      2639
      2698
      2573
      2476
      2607
      2639
      2587
      2558
      2557
      2505
      2561
      2527
      2608
      2612
      2617
      2578
      2461
      2506
      2490
      2515
      2531
      2481
      2535
      2385
      2460
      2447
      2381
      2303
      2409
      2428
      2433
      2365
      2391
      2353
      2311
      2353
      2372
      2278
      2309
      2277
      2328
      2398
      2230
      2254
      2328
      2293
      2242
      2306
      2234
      2174
      2220
      2302
      2279
      2269
      2212
      2200
      2181
      2184
      2180
      2186
      2091
      2182
      2157
      2126
      2098
      2118
      2064
      2126
      2097
      2087
      2073
      2070
      2096
      2128
      2025
      2083
      2014
      2101
      2112
      1993
      2093
      2049
      1968
      2017
      2008
      1980
      2075
      1995
      2002
      2010
      1983
      1978
      2007
      1971
      1958
      1974
      1976
      1883
      1995
      1917
      2003
      1978
      1940
      2011
      1898
      1956
      1954
      1964
      1984
      1897
      1968
      1895
      1936
      1935
      1876
      1916
      1987
      1861
      1896
      1859
      1887
      1787
      1866
      1794
      1859
      1839
      1878
      1845
      1784
      1800
      1723
      1787
      1819
      1857
      1764
      1763
      1777
      1816
      1801
      1701
      1745
      1699
      1736
      1834
      1650
      1772
      1755
      1705
      1701
      1690
      1665
      1647
      1764
      1649
      1705
      1694
      1625
      1664
      1615
      1614
      1618
      1659
      1666
      1694
      1622
      1590
      1633
      1644
      1575
      1643
      1630
      1605
      1590
      1579
      1597
      1689
      1568
      1655
      1582
      1583
      1613
      1613
      1548
      1530
      1542
      1603
      1584
      1525
      1520
      1577
      1488
      1553
      1519
      1494
      1555
      1533
      1561
      1467
      1473
      1498
      1560
      1428
      1504
      1496
      1465
      1438
      1488
      1461
      1414
      1461
      1548
      1433
      1416
      1455
      1505
      1522
      1495
      1380
      1515
      1469
      1545
      1450
      1475
      1385
      1504
      1460
      1457
      1437
      1442
      1457
      1478
      1470
      1514
      1442
      1501
      1444
      1422
      1464
      1456
      1481
      1462
      1440
      1413
      1439
      1454
      1443
      1430
      1450
      1387
      1471
      1464
      1505
      1368
      1386
      1403
      1319
      1370
      1290
      1325
      1326
      1363
      1365
      1355
      1321
      1399
      1359
      1322
      1296
      1314
      1287
      1302
      1315
      1380
      1326
      1294
      1342
      1300
      1250
      1305
      1319
      1323
      1366
      1272
      1261
      1263
      1315
      1334
      1262
      1277
      1253
      1300
      1219
      1294
      1289
      1269
      1246
      1305
      1282
      1204
      1274
      1271
      1293
      1236
      1269
      1206
      1219
      1277
      1224
      1228
      1252
      1261
      1192
      1204
      1234
      1243
      1224
      1185
      1176
      1227
      1195
      1219
      1228
      1186
      1148
      1197
      1220
      1230
      1206
      1187
      1212
      1220
      1143
      1178
      1176
      1169
      1208
      1244
      1191
      1149
      1161
      1258
      1138
      1151
      1198
      1178
      1140
      1141
      1132
      1181
      1157
      1151
      1081
      1159
      1115
      1175
      1145
      1177
      1073
      1125
      1152
      1114
      1133
      1100
      1102
      1114
      1141
      1160
      1121
      1109
      1142
      1176
      1086
      1146
      1112
      1096
      1113
      1104
      1095
      1076
      1156
      1083
      1079
      1097
      1160
      1067
      1050
      1148
      1057
      1097
      1095
      1079
      1101
      1101
      1103
      1058
      1099
      1115
      1104
      1059
      1092
      1071
      1057
      1103
      1144
       984
      1087
      1054
      1043
      1112
      1115
      1076
      1072
      1106
      1074
      1074
      1074
      1110
      1090
      1085
      1062
      1075
      1119
      1081
      1081
      1023
       983
      1067
      1048
      1048
      1081
      1091
      1050
       985
      1058
      1016
      1035
      1082
      1096
      1003
      1048
      1063
      1014
      1054
      1025
      1117
      1067
      1041
      1021
      1056
      1058
      1067
      1063
      1088
       989
       994
      1059
      1038
       984
      1003
      1008
      1017
       981
       956
      1083
      1057
      1036
       989
      1010
      1055
       973
      1029
      1031
      1012
      1033
      1001
      1029
      1027
      1048
      1044
      1055
      1039
      1030
      1000
      1034
      1033
       950
      1018
       982
       995
       993
      1029
      1009
       998
       984
       993
      1045
      1064
       964
       940
       991
      1022
       984
      1002
      1001
      1009
      1001
      1003
      1010
       986
      1005
      1007
      1080
      1014
      1022
       981
       991
      1038
       970
       961
      1014
       996
       998
      1020
       997
      1085
       999
      1038
       967
       991
       974
      1019
      1067
      1015
       983
      1001
      1035
       981
       969
       994
      1003
      1022
      1017
      1015
      1022
      1045
      1008
      1040
       974
       984
       992
       964
       985
      1005
       978
      1013
       980
       973
       970
       973
       993
       962
       936
       967
      1019
      1011
       964
       922
       958
       874
       918
       950
       992
       949
       978
       926
       998
       985
       971
       947
       959
       992
       963
       934
       895
       998
      1013
       914
       964
       911
       945
       966
       973
       932
       949
       921
       965
       931
       939
       969
       978
      1034
       913
       947
       943
       916
       908
       945
       925
      1008
       967
       906
       921
       894
       986
       931
       974
      1002
       914
       923
       989
       945
      1023
       965
       947
       960
       912
       882
       935
       932
       973
       986
       967
       992
      1003
       941
       979
       977
       968
       970
       914
       977
       972
       937
       933
       974
       938
       947
       981
       942
       963
       938
       907
       988
       907
       939
       934
       842
       946
       973
       923
       942
       887
       947
       943
       914
       908
       933
       906
       900
       876
       900
       863
       862
       932
       933
       913
       836
       878
       868
       823
       865
       845
       854
       780
       850
       928
       826
       881
       843
       822
       805
       806
       825
       868
       773
       800
       835
       791
       741
       787
       797
       838
       856
       771
       768
       779
       755
       794
       785
       785
       830
       744
       716
       755
       783
       730
       743
       730
       731
       735
       765
       744
       715
       702
       742
       717
       713
       726
       710
       729
       723
       705
       665
       736
       714
       693
       705
       717
       733
       663
       701
       659
       672
       639
       709
       711
       706
       685
       745
       642
       685
       728
       693
       705
       616
       701
       680
       695
       701
       659
       672
       671
       713
       694
       647
       711
       714
       659
       705
       731
       718
       677
       680
       711
       685
       728
       716
       672
       695
       677
       683
       631
       661
       662
       659
       703
       610
       672
       678
       661
       628
       636
       664
       703
       654
       677
       697
       633
       615
       722
       668
       689
       637
       648
       678
       631
       652
       692
       609
       597
       600
       632
       577
       640
       661
       646
       630
       641
       644
       606
       640
       632
       661
       631
       601
       667
       677
       648
       674
       632
       644
       637
       618
       662
       639
       692
       683
       667
       702
       736
       693
       743
       708
       732
       785
       770
       788
       871
       819
       839
       805
       860
       891
       964
       946
       955
      1024
      1058
      1079
      1108
      1117
      1178
      1279
      1317
      1303
      1317
      1395
      1405
      1430
      1445
      1613
      1591
      1562
      1670
      1737
      1751
      1830
      1843
      1829
      1859
      1913
      1971
      2044
      2073
      2102
      2010
      2122
      2121
      2197
      2229
      2230
      2259
      2252
      2264
      2328
      2346
      2296
      2297
      2240
      2225
      2308
      2313
      2262
      2198
      2317
      2218
      2185
      2241
      2146
      2073
      2141
      2059
      2083
      2008
      1931
      1927
      1883
      1768
      1767
      1767
      1642
      1689
      1608
      1493
      1438
      1517
      1411
      1292
      1298
      1221
      1178
      1225
      1107
      1044
      1011
       953
       978
       911
       860
       831
       795
       765
       649
       649
       665
       622
       574
       559
       529
       473
       488
       450
       423
       443
       413
       348
       330
       347
       309
       322
       291
       299
       284
       263
       254
       257
       242
       250
       232
       211
       201
       222
       212
       221
       198
       202
       218
       173
       202
       176
       197
       201
       216
       197
       222
       202
       224
       225
       223
       251
       230
       264
       270
       273
       300
       300
       343
       325
       343
       334
       402
       386
       388
       433
       420
       435
       487
       506
       541
       545
       617
       614
       636
       665
       709
       727
       728
       767
       842
       797
       906
       897
       974
       985
      1010
      1041
      1093
      1142
      1188
      1175
      1250
      1279
      1373
      1385
      1360
      1381
      1454
      1451
      1520
      1558
      1626
      1644
      1654
      1656
      1753
      1755
      1729
      1785
      1800
      1879
      1852
      1885
      1860
      1898
      1883
      1874
      1839
      1907
      1959
      1869
      1888
      1904
      1844
      1808
      1837
      1774
      1870
      1762
      1736
      1789
      1765
      1704
      1680
      1561
      1519
      1597
      1614
      1537
      1519
      1458
      1405
      1407
      1361
      1275
      1228
      1191
      1165
      1165
      1149
      1047
      1004
       996
       902
       866
       757
       874
       759
       790
       718
       733
       610
       592
       571
       533
       548
       505
       440
       426
       428
       379
       391
       330
       328
       335
       269
       256
       259
       218
       203
       193
       194
       157
       157
       159
       168
       144
       115
       116
        86
        91
        77
        69
        65
        65
        51
        64
        57
        45
        36
        43
        26
        31
        34
        28
        21
        28
        25
        14
        16
        20
        18
        11
        13
        16
        14
        16
         6
        12
         4
         5
         4
         5
         2
         4
         5
         6
         5
         5
         6
         1
         3
         6
         4
         2
         3
         5
         5
         6
         1
         3
         4
         4
         3
         2
         5
         4
         1
         5
         1
         3
         6
         5
         4
         4
         4
         1
         3
         5
         3
         3
         5
         3
         2
         5
         3
         2
         0
         5
         9
         4
         4
         5
         4
         4
         4
         3
         3
         3
         1
         1
         7
         5
         2
         3
         4
         4
         4
         5
         5
         1
         2
         1
         4
         3
         4
         4
         2
         4
         4
         5
         5
         4
         2
         3
         3
         3
         3
         4
         2
         5
         1
         1
         3
         3
         0
         1
         1
         1
         3
         1
         2
         6
         4
         3
         4
         2
         3
         2
         1
         1
         4
         4
         5
         3
         1
         1
         3
         3
         2
         0
         3
         0
         3
         5
         4
         4
         3
         6
         8
         2
         0
         7
         3
         2
         0
         2
         1
         1
         1
         1
         3
         1
         3
         3
         4
         3
         5
         2
         5
         2
         4
         3
         4
         3
         0
         4
         0
         8
         1
         2
         2
         1
         2
         1
         4
         1
         3
         3
         4
         1
         0
         3
         1
         4
         2
         1
         4
         1
         3
         4
         1
         3
         2
         2
         3
         2
         1
         6
         3
         2
         3
         1
         3
         5
         0
         2
         1
         0
         2
         3
         1
         0
         2
         5
         4
         3
         1
         2
         2
         3
         0
         1
         6
         2
         4
         2
         2
         5
         2
         2
         5
         2
         4
         4
         3
         4
         3
         5
         2
         3
         3
         7
         2
         4
         3
         4
         3
         5
         2
         2
         3
         2
         2
         3
         4
         5
         2
         4
         1
         5
         4
         2
         3
         6
         5
        10
         3
         4
         6
         4
         1
         1
         2
         1
         5
         7
         2
         3
         2
         5
         3
         2
         1
         5
         5
         3
         2
         6
         0
         4
         5
         6
         2
         1
         3
         2
         2
         1
         2
         3
         7
         1
         3
         3
         1
         2
         2
         7
         3
         3
         4
         3
         4
         2
         1
         3
         3
         4
         5
         2
         4
         4
         0
         1
         3
         3
         3
         1
         2
         1
         2
         2
         4
         4
         4
         3
         3
         2
         0
         0
         1
         5
         1
         2
         2
         2
         2
         4
         2
         1
         4
         2
         1
         2
         1
         3
         1
         3
         2
         2
         1
         2
         2
         1
         0
         2
         4
         4
         2
         0
         2
         2
         0
         4
         1
         3
         3
         3
         1
         0
         2
         2
         1
         3
         1
         1
         0
         2
         2
         4
         2
         0
         2
         3
         1
         0
         1
         0
         3
         3
         1
         0
         1
         2
         0
         1
         0
         3
         3
         2
         0
         2
         2
         3
         1
         0
         1
         0
         1
         0
         4
         2
         1
         1
         3
         2
         6
         0
         3
         2
         1
         4
         1
         3
         1
         2
         2
         4
         2
         1
         2
         0
         4
         2
         0
         1
         1
         3
         1
         1
         1
         1
         0
         1
         2
         2
         4
         3
         0
         1
         0
         3
         2
         3
         3
         4
         4
         2
         0
         2
         1
         4
         1
         2
         1
         2
         0
         0
         1
         2
         2
         1
         1
         0
         0
         1
         1
         3
         3
         0
         2
         0
         2
         3
         3
         3
         0
         1
         3
         1
         3
         2
         1
         2
         1
         0
         1
         0
         2
         0
         1
         0
         2
         1
         2
         0
         0
         2
         1
         1
         1
         0
         2
         1
         0
         2
         0
         1
         0
         1
         0
         0
         1
         3
         1
         2
         2
         2
         1
         1
         1
         3
         2
         5
         1
         1
         2
         0
         1
         0
         4
         0
         1
         1
         0
         3
         1
         2
         0
         2
         1
         0
         6
         2
         1
         1
         0
         1
         0
         0
         1
         1
         1
         1
         0
         2
         1
         3
         2
         0
         1
         1
         2
         1
         0
         0
         2
         0
         0
         0
         0
         2
         4
         1
         3
         2
         0
         0
         1
         2
         0
         2
         0
         2
         0
         0
         1
         1
         1
         0
         4
         0
         1
         0
         0
         1
         0
         0
         1
         0
         0
         0
         1
         2
         1
         1
         0
         0
         0
         1
         0
         1
         0
         1
         0
         0
         2
         1
         1
         0
         0
         3
         2
         0
         0
         1
         3
         0
         1
         2
         1
         0
         1
         0
         2
         0
         1
         0
         0
         1
         0
         2
         0
         0
         0
         1
         1
         1
         1
         1
         0
         1
         0
         0
         1
         1
         1
         2
         0
         1
         0
         1
         0
         1
         0
         1
         1
         0
         0
         1
         0
         0
         0
         2
         1
         0
         0
         0
         0
         0
         0
         0
         0
         1
         1
         1
         2
         0
         1
         0
         0
         0
         0
         1
         2
         0
         1
         1
         2
         1
         0
         0
         1
         0
         0
         0
         0
         0
         0
         1
         0
         0
         0
         1
         1
         0
         1
         0
         0
         0
         0
         1
         0
         0
         1
         1
         0
         1
         2
         0
         0
         0
         1
         0
         1
         1
         2
         0
         0
         1
         0
         1
         0
         1
         0
         0
         1
         0
         2
         0
         1
         1
         2
         1
         1
         1
         1
         1
         0
         1
         0
         0
         1
         0
         1
         0
         0
         0
         1
         0
         1
         0
         0
         0
         2
         1
         0
         1
         2
         0
         1
         0
         1
         0
         0
         2
         1
         0
         0
         0
         0
         0
         5
         0
         2
         0
         0
         1
         0
         1
         2
         0
         1
         1
         2
         0
         1
         1
         1
         2
         0
         1
         2
         2
         2
         0
         0
         1
         0
         2
         1
         0
         2
         1
         2
         2
         0
         2
         0
         0
         3
         1
         0
         2
         2
         1
         0
         2
         0
         0
         0
         0
         0
         0
         0
         0
         1
         1
         1
         0
         0
         0
         1
         2
         0
         0
         1
         0
         1
         0
         1
         0
         0
         0
         0
         0
         1
         0
         1
         0
         1
         0
         0
         0
         1
         1
         0
         0
         0
         0
         0
         0
         0
         2
         0
         0
         0
         0
         0
         0
         0
         1
         0
         0
         1
         0
         0
         0
         0
         0
         0
         0
         1
         0
         0
         0
         0
         0
         0
         0
         1
         0
         0
         0
         0
         0
         0
         0
         0
         0
         0
         1
         0
         0
         1
         0
         0
         0
         0
         0
         1
         0
         0
         0
         0
         0
         0
         0
         0
         0
         0
         0
         0
         1
         0
         0
         1
         0
         1
         0
         0
         1
         1
         1
         1
         1
         0
         0
         0
         0
         0
         0
         0
         0
         1
         0
         0
         1
         0
         1
         0
         0
         0
         0
         1
         0
         0
         0
         1
         0
         1
         0
         0
         1
         0
         0
         0
         1
         0
         3
         0
         0
         2
         1
         0
         0
         0
         0
         0
         0
         0
         3
         0
         1
         0
         0
         0
         0
         0
         0
         1
         0
         1
         2
         0
         0
         0
         0
         1
         0
         1
         0
         1
         1
         0
         0
         0
         1
         0
         1
         0
         0
         0
         0
         0
         3
         1
         0
         0
         0
         2
         0
         0
         0
         1
         1
         0
         0
         1
         0
         0
         3
         1
         0
         0
         1
         0
         0
         0
         1
         0
         1
         1
         1
         0
         0
         0
         0
         0
         0
         1
         0
         0
         0
         1
         0
         0
         1
         1
         0
         1
         0
         2
         0
         0
         0
         0
         0
         2
         0
         0
         1
         1
         0
         0
         0
         1
         0
         1
         0
         1
         0
         0
         0
         0
         0
         0
         0
         1
         0
         0
         0
         0
         1
         0
         0
         0
         0
         0
         0
         0
         0
         0
         0
         0
         0
         0
         0
         0
         0
         0
         0
         0
         0
         0
         0
         0
         0
         0
         0
         0
         0
         0
         0
         0
         0
         0
         0
         0
         0
         0
         1
         0
         0
         0
         0
         0
         0
         0
         0
         0
         0
         0
         0
         0
         0
         0
         0
         0
         0
         0
         0
         0
         0
         0
         0
         0
         0
         0
         0
         0
         0
         0
         0
         0
         0
         0
         0
         0
         0
         0
         0
         0
         0
         0
         0
         0
         0
         0
         0
         0
         0
         0
         0
         0
         0
         0
         0
         0
         0
         0
         0
         0
         0
         0
         0
         0
         0
         0
         0
         0
         0
         0
         0
         0
         0
         0
         0
         0
         0
         0
         0
         0
         0
         0
         0
         0
         0
         0
         0
         0
         0
         0
         0
         0
         0
         0
         0
         0
         0
         0
         0
         0
         0
         0
         0
         0
         0
         0
         0
         0
         0
         0
         0
         0
         0
         0
         0
         0
         0
         0
         0
         0
         0
         0
         0
         0
         0
         0
         0
         0
         0
         0
         0
         0
         0
         0
         0
         0
         0
         0
         0
         0
         0
         0
         0
         0
         0
         0
         0
         0
         0
         0
         0
         0
         0
         0
         0
         0
         0
         0
         0
         0
         0
         0
         0
         0
         0
         0
         0
         0
         0
         0
         0
         0
         0
         0
         0
         0
         0
         0
         0
         0
         0
         0
         0
         0
         0
         0
         0
         0
         0
         0
         0
         0
         0
         0
         0
         0
         0
         0
         0
         0
         0
         0
         0
         0
         0
         0
         0
         0
         0
         0
         0
         0
         0
         0
         0
         0
         0
         0
         0
         0
         0
         0
         0
         0
         0
         0
         0
         0
         0
         0
         0
         0
         0
         0
         0
         0
         0
         0
         0
         0
         0
         0
         0
         0
         0
         0
         0
         0
         0
         0
         0
         0
         0
         0
         0
         0
         0
         0
         0
         0
         0
         0
         0
         0
         0
         0
         0
         0
         0
         0
         0
         0
         0
         0
         0
         0
         0
         0
         0
         0
         0
         0
         0
         0
         0
         0
         0
         0
         0
         0
         0
         0
         0
         0
         0
         0
         0
         0
         0
         0
         0
         0
         0
         0
         0
         0
         0
         0
         0
         0
         0
         0
         0
         0
         0
         0
         0
         0
         0
         0
         0
         0
         0
         0
         0
         0
         0
         0
         0
         0
         0
         0
         0
         0
         0
         0
         0
         0
         0
         0
         0
         0
         0
         0
         0
         0
         0
         0
         0
         0
         0
         0
         0
         0
         0
         0
         0
         0
         0
         0
         0
         0
         0
         0
         0
         0
         0
         0
         0
         0
         0
         0
         0
         0
         0
         0
         0
         0
         0
         0
         0
         0
         0
         0
         0
         0
         0
         0
         0
         0
         0
         0
         0
         0
         0
         0
         0
         0
         0
         0
         0
         0
