         0
         0
         0
         0
         0
         0
         0
         0
         0
         0
      1236
      1137
      1115
      1112
      1137
      1078
      1124
      1105
      1237
      1191
      1209
      1271
      1267
      1373
      1322
      1298
      1238
      1259
      1290
      1306
      1320
      1365
      1334
      1362
      1316
      1328
      1299
      1310
      1275
      1264
      1260
      1251
      1151
      1179
      1246
      1226
      1264
      1216
      1295
      1309
      1270
      1283
      1281
      1279
      1262
      1235
      1350
      1269
      1269
      1250
      1250
      1266
      1308
      1300
      1304
      1338
      1254
      1357
      1294
      1306
      1324
      1332
      1345
      1384
      1276
      1366
      1379
      1376
      1385
      1452
      1539
      1410
      1496
      1510
      1510
      1572
      1515
      1564
      1597
      1650
      1617
      1636
      1686
      1659
      1676
      1778
      1787
      1769
      1794
      1735
      1828
      1810
      1786
      1866
      1905
      1864
      1902
      1964
      1963
      1943
      1893
      1956
      2028
      2005
      2054
      1996
      2099
      2050
      2213
      2193
      2222
      2209
      2302
      2275
      2272
      2294
      2379
      2488
      2432
      2392
      2439
      2512
      2514
      2560
      2537
      2456
      2536
      2526
      2517
      2535
      2674
      2680
      2608
      2545
      2566
      2630
      2629
      2708
      2692
      2695
      2632
      2726
      2652
      2591
      2664
      2548
      2626
      2660
      2750
      2660
      2698
      2730
      2707
      2794
      2711
      2755
      2782
      2758
      2771
      2755
      2758
      2664
      2673
      2679
      2735
      2724
      2642
      2747
      2820
      2734
      2685
      2679
      2727
      2683
      2722
      2634
      2727
      2805
      2698
      2804
      2769
      2760
      2775
      2814
      2691
      2755
      2731
      2840
      2810
      2736
      2816
      2815
      2876
      2810
      2761
      2879
      2882
      2946
      2951
      2947
      2892
      2994
      2969
      3049
      3040
      3121
      3173
      3199
      3168
      3063
      3190
      3136
      3150
      3046
      3161
      3137
      3229
      3132
      3139
      3110
      3019
      3151
      3091
      3030
      3058
      3063
      3021
      2984
      3055
      2996
      3002
      3049
      3026
      2988
      2899
      2908
      2868
      2941
      2810
      2829
      2844
      2871
      2852
      2771
      2886
      2802
      2841
      2729
      2839
      2775
      2779
      2719
      2717
      2711
      2825
      2755
      2675
      2702
      2655
      2758
      2667
      2699
      2750
      2638
      2697
      2642
      2614
      2648
      2594
      2679
      2652
      2544
      2528
      2560
      2576
      2567
      2559
      2527
      2620
      2408
      2514
      2495
      2459
      2387
      2456
      2418
      2447
      2413
      2458
      2479
      2424
      2344
      2356
      2503
      2427
      2400
      2373
      2400
      2285
      2406
      2314
      2335
      2361
      2356
      2353
      2321
      2372
      2309
      2184
      2271
      2283
      2304
      2212
      2187
      2265
      2224
      2297
      2164
      2331
      2189
      2095
      2185
      2178
      2145
      2033
      2137
      2123
      2195
      2171
      2147
      2034
      2165
      2099
      2151
      2171
      2049
      2110
      2114
      2175
      2125
      2115
      2112
      2052
      2024
      2047
      2092
      2088
      2003
      2083
      2117
      2018
      2053
      2031
      2109
      2067
      2013
      2125
      2002
      2012
      2084
      2024
      1946
      1985
      1985
      1978
      1993
      1923
      1987
      1957
      1993
      1875
      1919
      1937
      1920
      1928
      2045
      1949
      1915
      1900
      1985
      1953
      1916
      1909
      1876
      1874
      1921
      1835
      1824
      1744
      1833
      1781
      1850
      1820
      1801
      1800
      1751
      1841
      1761
      1836
      1760
      1745
      1821
      1695
      1756
      1727
      1782
      1702
      1740
      1715
      1807
      1717
      1678
      1721
      1686
      1647
      1695
      1735
      1663
      1659
      1665
      1635
      1767
      1680
      1713
      1686
      1749
      1658
      1702
      1614
      1634
      1624
      1645
      1704
      1612
      1594
      1566
      1677
      1682
      1653
      1703
      1676
      1685
      1587
      1622
      1665
      1599
      1558
      1594
      1581
      1642
      1612
      1609
      1586
      1623
      1532
      1606
      1542
      1506
      1537
      1499
      1636
      1591
      1562
      1590
      1567
      1581
      1569
      1505
      1492
      1513
      1520
      1482
      1575
      1528
      1559
      1484
      1535
      1527
      1516
      1537
      1497
      1464
      1521
      1566
      1562
      1533
      1532
      1659
      1511
      1535
      1546
      1529
      1540
      1511
      1521
      1511
      1575
      1516
      1575
      1552
      1580
      1496
      1592
      1527
      1433
      1511
      1516
      1534
      1468
      1454
      1498
      1507
      1548
      1503
      1527
      1541
      1518
      1518
      1523
      1458
      1439
      1449
      1490
      1484
      1472
      1414
      1475
      1428
      1498
      1438
      1440
      1441
      1429
      1520
      1413
      1461
      1476
      1403
      1416
      1381
      1504
      1337
      1458
      1486
      1443
      1453
      1443
      1471
      1391
      1368
      1469
      1403
      1398
      1419
      1392
      1354
      1410
      1350
      1403
      1461
      1367
      1396
      1435
      1369
      1471
      1423
      1393
      1497
      1380
      1340
      1338
      1405
      1359
      1492
      1403
      1354
      1255
      1311
      1298
      1372
      1342
      1342
      1384
      1371
      1347
      1361
      1388
      1314
      1311
      1331
      1367
      1331
      1372
      1306
      1385
      1375
      1345
      1348
      1294
      1362
      1326
      1280
      1332
      1319
      1337
      1245
      1319
      1311
      1292
      1295
      1378
      1353
      1331
      1361
      1330
      1256
      1310
      1301
      1310
      1293
      1333
      1355
      1342
      1305
      1321
      1289
      1365
      1257
      1267
      1313
      1250
      1343
      1276
      1341
      1398
      1291
      1314
      1275
      1294
      1314
      1331
      1292
      1316
      1290
      1263
      1282
      1236
      1302
      1261
      1241
      1326
      1325
      1272
      1289
      1332
      1261
      1318
      1283
      1220
      1282
      1222
      1261
      1257
      1265
      1271
      1272
      1284
      1254
      1232
      1226
      1263
      1217
      1282
      1324
      1256
      1274
      1244
      1302
      1242
      1224
      1240
      1284
      1253
      1299
      1275
      1229
      1285
      1271
      1209
      1124
      1223
      1281
      1298
      1248
      1224
      1273
      1218
      1226
      1213
      1302
      1241
      1235
      1184
      1233
      1200
      1205
      1240
      1262
      1236
      1192
      1219
      1255
      1229
      1222
      1231
      1197
      1252
      1237
      1227
      1341
      1279
      1208
      1169
      1267
      1232
      1251
      1283
      1262
      1192
      1203
      1289
      1184
      1199
      1282
      1292
      1155
      1254
      1271
      1215
      1208
      1206
      1184
      1266
      1152
      1226
      1190
      1177
      1195
      1186
      1186
      1255
      1224
      1201
      1208
      1235
      1203
      1208
      1195
      1161
      1189
      1177
      1226
      1221
      1179
      1169
      1211
      1236
      1144
      1170
      1193
      1235
      1207
      1240
      1287
      1202
      1221
      1196
      1227
      1179
      1163
      1213
      1134
      1188
      1240
      1205
      1199
      1164
      1223
      1267
      1165
      1141
      1189
      1167
      1191
      1143
      1194
      1212
      1184
      1189
      1195
      1213
      1168
      1196
      1225
      1169
      1186
      1234
      1185
      1204
      1228
      1181
      1223
      1192
      1213
      1165
      1162
      1238
      1232
      1184
      1174
      1165
      1199
      1272
      1215
      1241
      1214
      1192
      1192
      1219
      1160
      1178
      1215
      1253
      1211
      1225
      1255
      1170
      1222
      1293
      1198
      1222
      1151
      1214
      1251
      1204
      1241
      1250
      1252
      1195
      1195
      1215
      1189
      1210
      1179
      1204
      1197
      1269
      1226
      1336
      1207
      1221
      1220
      1237
      1160
      1225
      1203
      1160
      1227
      1219
      1187
      1259
      1268
      1218
      1192
      1245
      1167
      1237
      1189
      1129
      1243
      1253
      1238
      1202
      1259
      1168
      1223
      1234
      1238
      1206
      1207
      1246
      1231
      1201
      1286
      1233
      1337
      1178
      1208
      1224
      1267
      1225
      1263
      1219
      1211
      1214
      1189
      1216
      1239
      1257
      1246
      1263
      1228
      1152
      1161
      1222
      1139
      1188
      1245
      1167
      1219
      1187
      1174
      1177
      1192
      1224
      1168
      1240
      1194
      1163
      1177
      1162
      1123
      1175
      1125
      1144
      1167
      1115
      1036
      1157
      1080
      1120
      1164
      1060
      1084
      1132
      1108
      1065
      1033
      1083
      1114
      1109
      1052
      1046
      1042
       972
      1072
      1018
       980
       987
       938
      1003
      1043
      1019
       988
      1008
       996
       954
      1000
       926
       963
       986
       927
       896
       904
       956
       924
       948
       930
       893
       896
       901
       915
       872
       955
       919
       933
       814
       822
       902
       857
       864
       895
       860
       866
       889
       823
       858
       894
       835
       811
       898
       823
       842
       887
       837
       848
       780
       847
       838
       772
       793
       851
       828
       826
       811
       888
       831
       855
       824
       843
       851
       824
       815
       818
       798
       850
       829
       808
       838
       832
       815
       826
       869
       876
       820
       846
       845
       870
       779
       803
       867
       845
       849
       782
       785
       786
       814
       761
       828
       814
       807
       802
       801
       826
       806
       783
       801
       801
       780
       838
       813
       860
       840
       818
       764
       823
       811
       785
       799
       824
       786
       787
       807
       777
       772
       785
       807
       785
       784
       737
       824
       752
       782
       791
       783
       821
       782
       790
       789
       762
       837
       822
       805
       756
       780
       850
       805
       830
       833
       870
       871
       826
       839
       891
       889
       954
       950
      1013
       969
      1006
      1069
      1074
      1099
      1187
      1181
      1302
      1273
      1299
      1350
      1361
      1418
      1453
      1602
      1641
      1634
      1669
      1852
      1714
      1902
      1972
      2048
      2022
      2082
      2184
      2312
      2384
      2416
      2418
      2511
      2614
      2566
      2707
      2822
      2910
      3013
      3055
      3076
      3216
      3206
      3256
      3330
      3238
      3333
      3475
      3437
      3449
      3574
      3482
      3608
      3627
      3570
      3505
      3559
      3513
      3642
      3427
      3533
      3538
      3541
      3449
      3413
      3369
      3318
      3263
      3309
      3238
      3082
      3087
      2852
      2914
      2866
      2812
      2767
      2624
      2582
      2598
      2437
      2358
      2300
      2215
      2104
      2074
      2000
      1890
      1829
      1720
      1763
      1597
      1601
      1479
      1386
      1359
      1285
      1281
      1135
      1059
      1009
       974
       933
       857
       853
       822
       691
       693
       690
       612
       573
       542
       560
       512
       506
       451
       429
       405
       402
       390
       378
       350
       362
       295
       295
       297
       277
       289
       266
       280
       252
       227
       249
       260
       235
       252
       266
       226
       243
       264
       263
       273
       250
       299
       311
       283
       311
       314
       289
       336
       335
       389
       388
       408
       397
       493
       506
       529
       517
       507
       555
       605
       634
       708
       725
       694
       746
       816
       846
       809
       921
       932
      1007
      1126
      1090
      1089
      1219
      1288
      1323
      1316
      1454
      1500
      1504
      1564
      1717
      1759
      1777
      1822
      1860
      1946
      2052
      2075
      2128
      2191
      2222
      2254
      2379
      2371
      2478
      2492
      2578
      2594
      2532
      2689
      2724
      2691
      2808
      2865
      2890
      2858
      2888
      2970
      2952
      2904
      2984
      2921
      3016
      2839
      2926
      2960
      2888
      2883
      2854
      2856
      2827
      2770
      2802
      2654
      2687
      2720
      2686
      2474
      2470
      2441
      2382
      2355
      2300
      2264
      2192
      2139
      2083
      2041
      1952
      1875
      1776
      1764
      1691
      1587
      1552
      1519
      1520
      1394
      1347
      1304
      1189
      1177
      1120
      1045
      1038
       933
       917
       876
       792
       821
       768
       652
       640
       613
       570
       543
       487
       452
       447
       375
       338
       358
       347
       303
       297
       238
       233
       227
       209
       208
       175
       170
       137
       144
       148
       115
       112
        98
        95
        70
        83
        88
        57
        67
        65
        53
        51
        41
        43
        51
        33
        29
        32
        22
        14
        16
        23
        27
        17
        13
         8
        10
        11
        11
        15
         8
         7
         5
         4
         9
         6
        11
         9
         7
         5
         8
        10
        10
         4
         6
         2
         3
        13
         4
         6
         8
         6
         3
         5
         6
         5
        12
         8
         4
         5
         8
        10
         9
         3
         6
         4
         9
         3
         5
         4
         3
         8
         6
         6
        11
         3
         4
         4
         3
         3
         9
         2
         2
         3
         6
         5
         3
         4
         2
         2
         3
         4
         2
         3
         2
         2
         4
         4
         3
         6
         4
         2
         9
         2
         3
         1
         4
         3
         7
         2
         5
         5
         1
         7
         5
         6
         4
         1
         4
        10
         3
         8
         5
         1
         5
         6
         7
         6
         2
         4
         5
         3
         5
         2
         8
         7
         2
         3
         7
         5
         8
         4
        10
         4
         6
         3
         4
         4
         3
         0
         5
         6
         4
         7
         8
         3
         5
         2
         3
         3
         6
         6
         8
         5
         5
         4
         1
         3
         7
         9
         4
         3
         3
         3
         4
         6
         4
         2
         5
         4
         1
         4
         7
         5
         2
         8
         1
         5
         5
         0
         3
         5
         5
         3
         7
         2
         3
         2
         4
         3
         4
         1
         4
         6
         1
         6
         3
         5
         3
         4
         3
         6
         6
         5
         4
         6
         6
         2
         3
         4
         5
         4
         5
         4
         3
         4
         6
         4
         8
         3
         2
         0
         3
         3
         5
         2
         5
         1
         6
         3
         1
         3
         1
         3
         1
         1
         5
         2
         5
         4
         3
         4
         2
         3
         2
         1
         6
         2
         4
         3
         4
         0
         3
         3
         3
         4
         0
         3
         4
         3
         1
         4
         3
         2
         3
         2
         1
         2
         3
         6
         2
         1
         3
         0
         4
         1
         5
         5
         3
         3
         1
         3
         0
         0
         2
         1
         2
         4
         3
         4
         2
         3
         2
         2
         1
         2
         2
         3
         2
         0
         4
         2
         6
         4
         1
         0
         3
         5
         2
         3
         3
         2
         4
         3
         3
         3
         2
         2
         3
         0
         3
         8
         3
         4
         4
         5
         2
         3
         2
         3
         3
         2
         1
         5
         2
         2
         5
         1
         4
         3
         3
         5
         1
         6
         8
         2
         2
         6
         5
         4
         3
         4
         1
         2
         4
         3
         5
         4
         5
         2
         4
         4
         2
         3
         2
         2
         4
         3
         3
         4
         2
         2
         5
         5
         1
         6
         6
         8
         0
         1
         1
         6
         3
         8
         3
         7
         5
         1
         3
         3
         1
         2
         3
         3
         0
         3
         3
         3
         4
         3
         4
         3
         5
         5
         3
         4
         2
         6
         3
         6
         5
         2
         3
         0
         2
         2
         3
         2
         6
         1
         1
         3
         1
         3
         2
         1
         3
         3
         3
         3
         3
         2
         3
         2
         3
         1
         0
         3
         4
         4
         2
         1
         2
         3
         0
         1
         4
         7
         1
         3
         3
         3
         4
         2
         0
         0
         1
         3
         2
         2
         1
         4
         1
         1
         3
         1
         2
         2
         2
         2
         0
         4
         1
         4
         1
         2
         0
         1
         2
         2
         0
         2
         2
         0
         2
         3
         4
         4
         1
         2
         2
         1
         3
         3
         2
         3
         2
         3
         1
         1
         2
         1
         3
         0
         1
         0
         0
         1
         4
         2
         4
         2
         0
         2
         4
         1
         1
         2
         2
         1
         0
         1
         0
         1
         1
         1
         1
         1
         1
         0
         1
         3
         0
         1
         1
         1
         0
         0
         0
         2
         2
         0
         1
         1
         1
         4
         1
         0
         1
         3
         3
         2
         0
         2
         2
         0
         2
         0
         0
         2
         2
         0
         1
         1
         0
         1
         0
         1
         2
         1
         0
         1
         0
         2
         3
         1
         2
         0
         2
         1
         1
         1
         2
         2
         1
         3
         3
         0
         2
         3
         1
         1
         1
         2
         3
         1
         1
         1
         0
         1
         0
         1
         1
         1
         2
         1
         1
         1
         3
         2
         2
         1
         2
         3
         2
         1
         2
         0
         3
         5
         1
         1
         0
         0
         1
         5
         0
         2
         2
         0
         1
         1
         1
         2
         5
         1
         1
         1
         0
         2
         4
         3
         0
         3
         3
         0
         4
         1
         2
         3
         2
         0
         4
         0
         1
         1
         2
         1
         1
         0
         1
         4
         1
         3
         2
         0
         1
         1
         0
         1
         1
         1
         1
         0
         1
         0
         1
         1
         3
         0
         0
         2
         0
         0
         1
         2
         0
         1
         0
         0
         0
         3
         1
         0
         0
         0
         1
         2
         2
         2
         0
         0
         1
         1
         0
         0
         1
         1
         3
         0
         0
         1
         1
         0
         1
         1
         1
         1
         1
         1
         0
         0
         0
         0
         1
         0
         2
         0
         1
         0
         0
         2
         0
         0
         0
         0
         0
         1
         0
         1
         2
         0
         0
         0
         0
         0
         0
         0
         4
         0
         0
         0
         0
         0
         3
         2
         0
         0
         1
         0
         0
         1
         0
         0
         0
         0
         1
         1
         2
         1
         1
         1
         1
         0
         0
         1
         1
         0
         2
         1
         0
         2
         2
         1
         2
         0
         0
         1
         1
         0
         3
         0
         0
         0
         2
         1
         1
         3
         1
         0
         1
         0
         0
         0
         0
         0
         3
         1
         0
         0
         0
         0
         2
         3
         0
         0
         0
         0
         1
         1
         0
         0
         0
         0
         2
         2
         2
         1
         0
         1
         0
         0
         0
         0
         0
         0
         1
         1
         0
         1
         0
         0
         2
         0
         0
         1
         0
         1
         1
         0
         1
         0
         0
         0
         0
         2
         2
         0
         0
         1
         2
         0
         1
         0
         1
         0
         1
         0
         0
         2
         0
         0
         1
         0
         0
         0
         0
         1
         0
         0
         0
         0
         0
         1
         0
         0
         0
         0
         0
         2
         2
         0
         0
         0
         0
         2
         0
         0
         1
         0
         1
         0
         0
         1
         0
         1
         2
         0
         4
         0
         1
         0
         0
         1
         3
         0
         1
         2
         1
         0
         1
         0
         2
         0
         0
         3
         0
         0
         0
         1
         1
         2
         2
         0
         1
         0
         3
         0
         0
         1
         0
         0
         0
         0
         1
         1
         1
         2
         1
         0
         0
         0
         1
         0
         2
         2
         0
         1
         1
         0
         0
         1
         0
         1
         1
         0
         2
         0
         0
         1
         1
         0
         2
         1
         0
         1
         0
         1
         4
         0
         1
         1
         2
         0
         0
         1
         1
         1
         1
         0
         2
         1
         1
         0
         0
         1
         1
         1
         0
         1
         1
         1
         1
         3
         1
         0
         1
         0
         1
         1
         0
         1
         0
         1
         0
         2
         0
         0
         1
         1
         1
         2
         1
         0
         1
         0
         2
         2
         1
         2
         0
         1
         0
         2
         1
         1
         1
         0
         2
         4
         1
         1
         1
         0
         0
         2
         1
         3
         3
         1
         2
         1
         2
         2
         0
         1
         1
         1
         2
         3
         2
         1
         4
         2
         1
         2
         1
         0
         2
         1
         3
         3
         2
         0
         2
         1
         1
         2
         3
         4
         2
         2
         2
         4
         2
         1
         1
         3
         0
         2
         1
         1
         0
         2
         1
         3
         1
         2
         2
         1
         3
         0
         5
         1
         5
         4
         3
         0
         4
         0
         2
         2
         1
         2
         1
         1
         2
         1
         0
         1
         1
         3
         2
         2
         0
         3
         0
         0
         2
         1
         0
         1
         0
         3
         2
         2
         2
         1
         0
         2
         0
         2
         0
         1
         1
         1
         0
         2
         0
         0
         0
         0
         1
         0
         1
         0
         1
         0
         1
         0
         0
         2
         1
         1
         2
         0
         0
         0
         0
         0
         0
         0
         1
         0
         0
         0
         0
         0
         0
         0
         0
         0
         0
         0
         0
         0
         0
         0
         0
         0
         1
         0
         0
         0
         1
         0
         0
         0
         0
         0
         0
         0
         0
         0
         0
         0
         0
         0
         0
         0
         0
         0
         0
         0
         0
         0
         0
         0
         0
         0
         0
         0
         0
         0
         0
         0
         0
         0
         0
         0
         0
         0
         0
         0
         0
         0
         0
         0
         0
         0
         0
         0
         0
         0
         0
         0
         0
         0
         0
         0
         0
         0
         0
         0
         0
         0
         0
         0
         0
         0
         0
         0
         0
         0
         0
         0
         0
         0
         0
         0
         0
         0
         0
         0
         0
         0
         0
         0
         0
         0
         0
         0
         0
         0
         0
         0
         0
         0
         0
         0
         0
         0
         0
         0
         0
         0
         0
         0
         0
         0
         0
         0
         0
         0
         0
         0
         0
         0
         0
         0
         0
         0
         0
         0
         0
         0
         0
         0
         0
         0
         0
         0
         0
         0
         0
         0
         0
         0
         0
         0
         0
         0
         0
         0
         0
         0
         0
         0
         0
         0
         0
         0
         0
         0
         0
         0
         0
         0
         0
         0
         0
         0
         0
         0
         0
         0
         0
         0
         0
         0
         0
         0
         0
         0
         0
         0
         0
         0
         0
         0
         0
         0
         0
         0
         0
         0
         0
         0
         0
         0
         0
         0
         0
         0
         0
         0
         0
         0
         0
         0
         0
         0
         0
         0
         0
         0
         0
         0
         0
         0
         0
         0
         0
         0
         0
         0
         0
         0
         0
         0
         0
         0
         0
         0
         0
         0
         0
         0
         0
         0
         0
         0
         0
         0
         0
         0
         0
         0
         0
         0
         0
         0
         0
         0
         0
         0
         0
         0
         0
         0
         0
         0
         0
         0
         0
         0
         0
         0
         0
         0
         0
         0
         0
         0
         0
         0
         0
         0
         0
         0
         0
         0
         0
         0
         0
         0
         0
         0
         0
         0
         0
         0
         0
         0
         0
         0
         0
         0
         0
         0
         0
         0
         0
         0
         0
         0
         0
         0
         0
         0
         0
         0
         0
         0
         0
         0
         0
         0
         0
         0
         0
         0
         0
         0
         0
         0
         0
         0
         0
         0
         0
         0
         0
         0
         0
         0
         0
         0
         0
         0
         0
         0
         0
         0
         0
         0
         0
         0
         0
         0
         0
         0
         0
         0
         0
         0
         0
         0
         0
         0
         0
         0
         0
         0
         0
         0
         0
         0
         0
         0
         0
         0
         0
         0
         0
         0
         0
         0
         0
         0
         0
         0
         0
         0
         0
         0
         0
         0
         0
         0
         0
         0
         0
         0
         0
         0
         0
         0
         0
         0
         0
         0
         0
         0
