         0
         0
         0
         0
         0
         0
         0
         0
         0
         0
      1312
      1294
      1333
      1285
      1337
      1260
      1207
      1189
      1196
      1172
      1217
      1209
      1111
      1177
      1182
      1158
      1227
      1143
      1140
      1114
      1208
      1226
      1238
      1282
      1207
      1224
      1219
      1185
      1253
      1270
      1248
      1208
      1226
      1234
      1325
      1282
      1252
      1281
      1301
      1285
      1287
      1234
      1263
      1236
      1336
      1225
      1224
      1261
      1269
      1332
      1260
      1281
      1325
      1351
      1255
      1284
      1307
      1340
      1271
      1337
      1313
      1308
      1272
      1289
      1275
      1303
      1350
      1287
      1300
      1437
      1344
      1400
      1458
      1473
      1529
      1501
      1563
      1555
      1557
      1636
      1590
      1591
      1657
      1672
      1723
      1690
      1764
      1854
      1750
      1751
      1785
      1800
      1829
      1847
      1878
      1901
      1963
      1949
      1982
      2122
      2041
      2016
      2148
      2195
      2098
      2170
      2185
      2220
      2321
      2405
      2369
      2457
      2389
      2520
      2465
      2545
      2585
      2568
      2449
      2556
      2643
      2660
      2647
      2703
      2631
      2594
      2768
      2680
      2744
      2790
      2741
      2657
      2665
      2716
      2717
      2688
      2680
      2827
      2780
      2748
      2784
      2824
      2752
      2905
      2857
      2802
      2874
      2821
      2952
      2956
      2904
      2809
      2848
      2882
      2830
      2914
      2794
      2924
      2850
      2874
      2866
      2893
      2998
      2855
      2942
      2854
      2892
      2898
      2959
      2939
      3058
      2972
      2887
      2962
      2824
      2892
      3051
      2947
      3019
      2969
      3025
      2944
      3038
      2967
      3008
      2890
      2926
      3026
      2966
      2914
      3023
      3008
      3061
      3064
      3087
      3092
      2971
      2955
      2987
      3050
      2948
      3109
      3041
      3132
      3040
      3070
      3058
      3179
      3120
      3112
      3098
      3125
      3178
      3115
      3126
      3198
      3160
      3105
      3079
      3238
      3109
      3099
      3148
      3060
      3086
      3106
      3102
      3096
      3041
      3041
      3088
      3065
      2946
      3001
      2927
      2947
      2893
      2822
      2923
      2890
      2927
      2834
      2755
      2831
      2854
      2755
      2789
      2767
      2828
      2743
      2826
      2809
      2739
      2717
      2766
      2698
      2698
      2684
      2716
      2713
      2661
      2771
      2651
      2725
      2604
      2605
      2625
      2733
      2722
      2661
      2599
      2565
      2659
      2783
      2578
      2602
      2612
      2598
      2572
      2593
      2626
      2527
      2495
      2556
      2525
      2586
      2506
      2491
      2569
      2486
      2450
      2511
      2404
      2533
      2519
      2402
      2365
      2414
      2348
      2404
      2496
      2395
      2374
      2370
      2335
      2410
      2316
      2415
      2265
      2363
      2283
      2324
      2214
      2205
      2210
      2157
      2301
      2219
      2191
      2210
      2213
      2151
      2163
      2126
      2178
      2143
      2205
      2172
      2136
      2201
      2113
      2119
      2132
      2200
      2164
      2093
      2102
      2086
      2075
      2099
      2098
      2029
      2102
      2170
      2208
      2173
      2102
      2094
      2093
      2001
      2073
      2000
      2048
      2034
      2009
      1956
      2052
      1963
      2057
      2056
      1985
      2046
      2029
      1940
      1956
      2057
      2119
      2052
      1940
      1979
      1920
      1968
      1980
      1911
      1964
      1932
      1859
      1929
      1828
      1887
      1914
      1969
      1871
      1866
      1823
      1916
      1842
      1916
      1887
      1782
      1902
      1786
      1784
      1804
      1786
      1857
      1825
      1887
      1854
      1767
      1853
      1775
      1773
      1755
      1849
      1766
      1871
      1803
      1834
      1785
      1787
      1789
      1758
      1767
      1798
      1701
      1793
      1705
      1748
      1731
      1612
      1701
      1727
      1769
      1738
      1705
      1733
      1657
      1717
      1655
      1798
      1726
      1687
      1695
      1677
      1677
      1571
      1733
      1647
      1735
      1734
      1641
      1662
      1601
      1614
      1621
      1716
      1747
      1606
      1578
      1700
      1578
      1613
      1650
      1575
      1665
      1589
      1621
      1589
      1573
      1558
      1502
      1566
      1506
      1600
      1513
      1518
      1557
      1529
      1570
      1528
      1469
      1588
      1594
      1599
      1528
      1547
      1525
      1551
      1509
      1504
      1517
      1495
      1484
      1517
      1481
      1600
      1509
      1454
      1633
      1509
      1494
      1479
      1612
      1573
      1566
      1467
      1535
      1440
      1495
      1553
      1465
      1486
      1407
      1497
      1486
      1545
      1494
      1522
      1511
      1470
      1424
      1500
      1396
      1446
      1477
      1459
      1490
      1487
      1419
      1505
      1458
      1469
      1371
      1428
      1374
      1477
      1447
      1416
      1412
      1449
      1382
      1433
      1403
      1357
      1388
      1361
      1415
      1388
      1392
      1356
      1358
      1386
      1424
      1425
      1382
      1309
      1377
      1313
      1382
      1327
      1379
      1351
      1370
      1346
      1400
      1349
      1367
      1392
      1405
      1340
      1290
      1334
      1323
      1323
      1332
      1346
      1317
      1304
      1347
      1310
      1324
      1300
      1257
      1264
      1363
      1314
      1260
      1274
      1306
      1317
      1327
      1267
      1304
      1298
      1216
      1247
      1287
      1250
      1265
      1280
      1218
      1245
      1291
      1273
      1256
      1303
      1248
      1196
      1184
      1273
      1219
      1258
      1284
      1233
      1242
      1255
      1257
      1215
      1222
      1219
      1278
      1243
      1258
      1249
      1217
      1222
      1176
      1156
      1220
      1222
      1235
      1190
      1191
      1241
      1228
      1210
      1188
      1201
      1234
      1266
      1294
      1176
      1227
      1209
      1201
      1202
      1239
      1174
      1165
      1187
      1150
      1191
      1195
      1137
      1183
      1212
      1242
      1246
      1173
      1206
      1171
      1185
      1123
      1097
      1150
      1204
      1204
      1121
      1106
      1181
      1210
      1133
      1160
      1180
      1198
      1085
      1183
      1179
      1193
      1099
      1185
      1142
      1166
      1214
      1221
      1151
      1159
      1135
      1206
      1162
      1135
      1141
      1211
      1158
      1126
      1131
      1111
      1174
      1191
      1196
      1136
      1191
      1136
      1146
      1136
      1185
      1119
      1112
      1173
      1189
      1143
      1142
      1115
      1135
      1105
      1132
      1124
      1087
      1106
      1126
      1072
      1137
      1138
      1144
      1144
      1133
      1106
      1134
      1117
      1137
      1101
      1154
      1096
      1153
      1090
      1067
      1068
      1126
      1056
      1082
      1106
      1010
      1098
      1138
      1055
      1106
      1167
      1178
      1110
      1106
      1089
      1129
      1094
      1109
      1138
      1135
      1146
      1033
      1069
      1119
      1104
      1128
      1055
      1084
      1050
      1105
      1073
      1055
      1095
      1121
      1100
      1066
      1085
      1128
      1083
      1131
      1075
      1067
      1034
      1104
      1065
      1108
      1027
      1097
      1113
      1089
      1084
      1095
      1051
      1009
      1087
      1097
      1030
      1163
      1058
      1080
      1087
      1099
      1115
      1034
      1083
      1058
      1035
      1044
      1101
      1103
      1105
      1122
      1127
      1151
      1139
      1033
      1079
      1091
      1109
      1055
      1126
      1102
      1105
      1131
      1094
      1086
      1043
      1153
      1086
      1106
      1145
      1138
      1067
      1067
      1094
      1073
      1079
      1127
      1054
      1087
      1072
      1051
      1057
      1013
      1104
      1090
      1037
      1110
      1097
      1056
      1087
      1179
      1062
      1095
      1144
      1053
      1082
      1099
      1095
      1123
      1133
      1105
      1062
      1040
      1099
      1054
      1072
      1036
      1077
      1073
      1114
      1117
      1121
      1117
      1075
      1096
      1076
      1063
      1084
      1135
      1088
      1084
      1028
      1115
      1113
      1056
      1131
      1082
      1087
      1104
      1039
      1043
      1104
      1125
      1018
      1071
      1108
      1078
      1030
      1057
      1106
      1032
      1091
      1077
      1140
      1100
      1036
      1117
      1103
      1129
      1104
      1060
      1112
      1079
      1086
      1077
      1116
      1097
      1089
      1097
      1086
      1075
      1089
      1001
      1129
      1095
      1078
      1050
      1062
      1069
      1072
      1082
      1115
      1019
      1082
      1094
      1048
      1043
      1036
      1089
       980
      1008
      1052
      1045
      1055
      1044
      1000
      1011
       982
      1004
       987
      1012
      1016
      1020
      1011
      1064
       983
       993
       960
       973
       974
       972
       976
       921
       940
       966
       926
       935
       968
       981
       926
       945
       900
       959
       901
       908
       889
       813
       902
       909
       845
       882
       887
       827
       852
       861
       872
       866
       855
       865
       861
       819
       764
       825
       817
       829
       853
       803
       820
       806
       782
       762
       798
       781
       811
       772
       775
       800
       741
       737
       808
       798
       797
       765
       777
       777
       820
       784
       776
       797
       792
       780
       777
       738
       744
       828
       804
       742
       761
       761
       793
       716
       753
       741
       725
       768
       767
       735
       788
       746
       773
       774
       783
       722
       734
       787
       737
       739
       717
       723
       771
       781
       768
       716
       728
       735
       742
       740
       774
       742
       742
       798
       737
       727
       682
       741
       688
       737
       735
       724
       719
       711
       729
       671
       743
       670
       749
       697
       679
       734
       777
       733
       733
       706
       684
       689
       786
       715
       729
       722
       718
       715
       743
       684
       701
       687
       616
       729
       639
       714
       666
       722
       699
       678
       699
       734
       756
       715
       738
       692
       709
       755
       758
       783
       753
       766
       849
       781
       810
       794
       840
       870
       898
       955
       876
       999
       920
       921
      1048
      1027
      1127
      1117
      1193
      1213
      1280
      1302
      1300
      1383
      1483
      1418
      1488
      1499
      1581
      1656
      1649
      1721
      1838
      1804
      1839
      1906
      1993
      2050
      2091
      2170
      2108
      2276
      2392
      2374
      2397
      2510
      2558
      2437
      2501
      2651
      2664
      2626
      2696
      2724
      2707
      2843
      2768
      2748
      2804
      2747
      2765
      2755
      2765
      2740
      2747
      2736
      2792
      2730
      2755
      2639
      2682
      2644
      2549
      2636
      2548
      2444
      2432
      2324
      2305
      2264
      2104
      2140
      2125
      2090
      1862
      1921
      1836
      1773
      1837
      1686
      1559
      1568
      1451
      1467
      1440
      1366
      1233
      1273
      1139
      1115
      1035
      1029
       974
       921
       894
       830
       821
       731
       724
       732
       609
       584
       586
       567
       494
       509
       487
       441
       411
       413
       349
       372
       347
       346
       311
       305
       318
       293
       285
       286
       270
       247
       243
       240
       212
       220
       219
       199
       208
       215
       227
       230
       226
       214
       257
       219
       241
       248
       239
       264
       244
       262
       259
       290
       300
       309
       280
       335
       340
       380
       354
       417
       432
       420
       417
       468
       522
       485
       558
       567
       612
       634
       643
       682
       698
       747
       779
       803
       889
       899
       905
       972
       988
      1083
      1133
      1119
      1216
      1226
      1198
      1331
      1419
      1462
      1447
      1518
      1561
      1639
      1660
      1638
      1812
      1803
      1780
      2010
      1983
      1988
      1970
      2048
      2129
      2099
      2126
      2119
      2146
      2154
      2198
      2223
      2296
      2286
      2267
      2311
      2309
      2277
      2330
      2305
      2275
      2232
      2272
      2309
      2231
      2257
      2247
      2308
      2217
      2180
      2213
      2112
      2051
      2143
      1965
      2018
      1967
      1920
      1860
      1783
      1776
      1655
      1703
      1720
      1669
      1612
      1376
      1477
      1308
      1307
      1339
      1282
      1235
      1157
      1069
      1076
      1051
       983
       861
       892
       846
       802
       756
       736
       687
       590
       595
       623
       562
       491
       483
       460
       428
       410
       329
       318
       330
       294
       318
       230
       252
       215
       188
       193
       199
       178
       164
       151
       130
       139
       103
       110
        99
       102
        70
        74
        45
        65
        65
        55
        36
        53
        42
        45
        42
        35
        26
        35
        20
        18
        13
        14
        17
        16
        14
        15
        12
         9
        10
         7
        12
         8
        10
        10
         8
         8
         7
         6
         4
         6
         9
         6
         6
        10
         9
         3
         4
         5
         7
         3
         5
         6
         7
         2
         3
         2
         4
         4
        11
         5
         2
         7
         6
         4
         3
         2
         2
         5
         3
         4
         6
         6
         3
         6
         5
         3
         8
         5
         5
         6
         6
         5
         7
         1
         4
         2
         6
         6
         3
         6
         2
         9
         1
         3
         5
         5
         6
         6
         0
         3
         5
         3
         2
         2
         2
         2
         6
         1
         3
         5
         4
         2
         4
         2
         3
         4
         5
         3
         6
         5
         3
         2
         2
         0
         5
         2
         1
         1
         6
         4
         9
         0
         2
         3
         2
         3
         7
         4
         3
         3
         4
         2
         3
         2
         5
         5
         3
         1
         8
         1
         3
         5
         3
         2
         4
         5
         8
         2
         1
         3
         3
         4
         1
         2
         5
         2
         4
         6
         3
         1
         3
         2
         9
         3
         7
         2
         5
         4
         3
         3
         3
         7
         2
         7
         2
         6
         0
         3
         1
         3
         1
         2
         4
         3
         4
         3
         0
         3
         3
         1
         3
         4
         3
         4
         3
         4
         3
         1
         3
         2
         3
         1
         0
         4
         2
         4
         5
         2
         0
         2
         3
         3
         4
         1
         2
         4
         2
         2
         3
         3
         2
         0
         3
         2
         1
         0
         0
         2
         3
         1
         0
         1
         3
         1
         4
         1
         1
         3
         2
         2
         2
         6
         3
         4
         3
         1
         2
         6
         4
         1
         0
         1
         1
         5
         2
         2
         3
         2
         1
         2
         0
         0
         0
         1
         2
         1
         1
         2
         1
         2
         1
         4
         3
         3
         0
         1
         0
         3
         1
         0
         1
         4
         2
         1
         2
         1
         1
         2
         1
         1
         3
         1
         1
         5
         1
         2
         2
         1
         0
         2
         3
         2
         2
         4
         2
         1
         0
         3
         3
         3
         2
         1
         1
         4
         1
         2
         5
         4
         1
         3
         0
         2
         2
         3
         4
         1
         6
         1
         4
         1
         4
         2
         0
         2
         1
         0
         4
         1
         1
         2
         4
         4
         5
         2
         2
         2
         3
         1
         4
         1
         0
         5
         3
         3
         1
         3
         1
         1
         2
         2
         4
         2
         1
         4
         1
         3
         4
         1
         6
         4
         3
         2
         2
         2
         2
         4
         4
         2
         5
         1
         1
         2
         3
         3
         2
         0
         5
         5
         1
         2
         2
         5
         3
         5
         1
         2
         1
         3
         2
         2
         3
         4
         1
         4
         3
         2
         3
         1
         1
         1
         5
         5
         1
         0
         1
         2
         3
         1
         3
         3
         2
         1
         2
         5
         5
         1
         2
         1
         1
         5
         5
         1
         3
         0
         0
         3
         6
         1
         1
         2
         2
         3
         0
         3
         1
         1
         1
         2
         2
         2
         3
         2
         1
         2
         2
         3
         2
         3
         3
         0
         2
         0
         2
         1
         0
         2
         1
         0
         2
         0
         3
         3
         2
         1
         2
         1
         0
         3
         1
         2
         2
         0
         1
         1
         3
         1
         0
         2
         0
         2
         3
         2
         2
         3
         2
         0
         1
         2
         2
         0
         0
         2
         4
         2
         0
         2
         0
         1
         0
         0
         0
         0
         2
         1
         0
         1
         0
         0
         0
         2
         1
         0
         1
         1
         2
         1
         0
         0
         0
         0
         1
         2
         0
         2
         0
         1
         1
         1
         1
         1
         0
         0
         1
         0
         0
         1
         0
         0
         0
         0
         2
         0
         1
         3
         2
         0
         1
         2
         1
         1
         0
         0
         0
         1
         1
         4
         0
         1
         2
         1
         1
         0
         1
         2
         2
         0
         2
         0
         2
         0
         0
         1
         0
         1
         1
         0
         1
         0
         0
         0
         1
         0
         1
         3
         2
         3
         0
         1
         1
         0
         1
         0
         3
         1
         2
         3
         0
         0
         1
         1
         1
         1
         0
         4
         0
         1
         0
         3
         1
         0
         3
         0
         0
         3
         1
         1
         0
         0
         0
         1
         0
         3
         0
         1
         2
         2
         1
         0
         0
         1
         2
         1
         0
         0
         2
         2
         0
         0
         4
         2
         2
         1
         3
         0
         0
         3
         1
         0
         2
         1
         1
         0
         0
         1
         1
         0
         1
         0
         0
         1
         1
         0
         1
         1
         1
         0
         1
         2
         2
         0
         0
         1
         1
         1
         2
         0
         1
         2
         0
         0
         0
         2
         2
         0
         2
         2
         1
         0
         0
         0
         1
         0
         0
         1
         0
         1
         1
         0
         3
         0
         1
         0
         2
         0
         0
         1
         0
         0
         0
         2
         3
         0
         0
         1
         0
         3
         0
         2
         2
         2
         0
         1
         1
         1
         0
         0
         0
         0
         1
         0
         3
         1
         0
         1
         1
         2
         0
         3
         0
         0
         3
         1
         2
         1
         0
         1
         1
         0
         1
         3
         1
         1
         0
         1
         1
         1
         2
         0
         1
         1
         0
         0
         1
         0
         0
         0
         0
         2
         1
         0
         1
         1
         2
         0
         0
         2
         0
         0
         0
         1
         0
         0
         0
         0
         0
         1
         0
         0
         0
         0
         0
         0
         1
         0
         0
         0
         2
         0
         1
         2
         1
         1
         1
         0
         3
         1
         0
         0
         1
         0
         0
         0
         1
         0
         2
         1
         1
         0
         1
         0
         1
         0
         0
         0
         2
         0
         1
         0
         1
         1
         1
         0
         2
         0
         0
         0
         1
         0
         0
         0
         1
         1
         0
         0
         1
         0
         2
         0
         1
         1
         0
         0
         0
         1
         0
         1
         1
         0
         1
         1
         0
         1
         2
         1
         1
         2
         0
         0
         1
         2
         0
         1
         0
         2
         1
         0
         1
         2
         0
         0
         2
         0
         0
         0
         0
         2
         0
         0
         0
         0
         1
         0
         0
         0
         1
         2
         0
         1
         1
         1
         0
         0
         1
         0
         0
         1
         0
         0
         1
         0
         0
         0
         1
         0
         0
         0
         0
         0
         0
         1
         0
         1
         0
         0
         2
         0
         0
         0
         0
         0
         0
         0
         1
         0
         1
         0
         0
         1
         0
         3
         0
         0
         0
         0
         0
         3
         0
         0
         2
         0
         1
         0
         0
         3
         0
         0
         0
         0
         0
         0
         1
         0
         1
         0
         0
         0
         1
         0
         0
         1
         0
         1
         1
         0
         1
         0
         1
         0
         1
         0
         1
         2
         1
         0
         2
         0
         2
         1
         0
         1
         0
         2
         1
         1
         1
         1
         1
         0
         0
         0
         2
         0
         2
         0
         1
         1
         1
         0
         0
         0
         1
         0
         0
         0
         0
         0
         2
         0
         1
         1
         0
         1
         0
         0
         0
         0
         2
         0
         0
         1
         1
         0
         1
         1
         0
         2
         0
         0
         1
         1
         0
         2
         0
         0
         1
         1
         0
         0
         1
         0
         1
         0
         1
         1
         1
         1
         0
         1
         1
         2
         1
         1
         0
         1
         0
         0
         3
         1
         1
         2
         2
         0
         0
         0
         0
         1
         4
         2
         1
         1
         1
         0
         0
         0
         1
         0
         1
         0
         0
         0
         0
         1
         1
         0
         0
         1
         2
         0
         1
         0
         0
         0
         0
         1
         0
         0
         1
         2
         0
         0
         0
         1
         0
         1
         0
         0
         1
         0
         0
         0
         1
         0
         0
         0
         0
         0
         0
         0
         0
         1
         0
         1
         0
         1
         0
         0
         1
         0
         0
         0
         0
         0
         0
         0
         0
         0
         0
         0
         0
         0
         0
         1
         0
         0
         0
         0
         0
         0
         1
         0
         0
         0
         0
         0
         0
         2
         0
         0
         1
         0
         0
         0
         0
         1
         0
         1
         0
         0
         0
         0
         0
         0
         0
         0
         0
         0
         0
         0
         0
         0
         0
         0
         0
         0
         0
         0
         0
         0
         0
         0
         0
         0
         0
         0
         0
         0
         0
         0
         0
         0
         0
         0
         0
         0
         0
         0
         0
         0
         0
         0
         0
         0
         0
         0
         0
         0
         0
         0
         0
         0
         0
         0
         0
         0
         0
         0
         0
         0
         0
         0
         0
         0
         0
         0
         0
         0
         0
         0
         0
         0
         0
         0
         0
         0
         0
         0
         0
         0
         0
         0
         0
         0
         0
         0
         0
         0
         0
         0
         0
         0
         0
         0
         0
         0
         0
         0
         0
         0
         0
         0
         0
         0
         0
         0
         0
         0
         0
         0
         0
         0
         0
         0
         0
         0
         0
         0
         0
         0
         0
         0
         0
         0
         0
         0
         0
         0
         0
         0
         0
         0
         0
         0
         0
         0
         0
         0
         0
         0
         0
         0
         0
         0
         0
         0
         0
         0
         0
         0
         0
         0
         0
         0
         0
         0
         0
         0
         0
         0
         0
         0
         0
         0
         0
         0
         0
         0
         0
         0
         0
         0
         0
         0
         0
         0
         0
         0
         0
         0
         0
         0
         0
         0
         0
         0
         0
         0
         0
         0
         0
         0
         0
         0
         0
         0
         0
         0
         0
         0
         0
         0
         0
         0
         0
         0
         0
         0
         0
         0
         0
         0
         0
         0
         0
         0
         0
         0
         0
         0
         0
         0
         0
         0
         0
         0
         0
         0
         0
         0
         0
         0
         0
         0
         0
         0
         0
         0
         0
         0
         0
         0
         0
         0
         0
         0
         0
         0
         0
         0
         0
         0
         0
         0
         0
         0
         0
         0
         0
         0
         0
         0
         0
         0
         0
         0
         0
         0
         0
         0
         0
         0
         0
         0
         0
         0
         0
         0
         0
         0
         0
         0
         0
         0
         0
         0
         0
         0
         0
         0
         0
         0
         0
         0
         0
         0
         0
         0
         0
         0
         0
         0
         0
         0
         0
         0
         0
         0
         0
         0
         0
         0
         0
         0
         0
         0
         0
         0
         0
         0
         0
         0
         0
         0
         0
         0
         0
         0
         0
         0
         0
         0
         0
         0
         0
         0
         0
         0
         0
         0
         0
         0
         0
         0
         0
         0
         0
         0
         0
         0
         0
         0
         0
         0
         0
         0
         0
         0
         0
         0
         0
         0
         0
         0
         0
         0
         0
         0
         0
         0
         0
         0
         0
         0
         0
         0
         0
         0
         0
         0
         0
         0
         0
         0
         0
         0
         0
         0
         0
         0
         0
         0
         0
         0
         0
         0
         0
         0
