         0
         0
         0
         0
         0
         0
         0
         0
         0
         0
      1151
      1172
      1137
      1175
      1153
      1104
      1096
      1069
      1087
      1153
      1151
      1165
      1164
      1092
      1091
      1087
      1101
      1080
      1170
      1105
      1073
      1057
      1157
      1093
      1081
      1113
      1099
      1163
      1154
      1107
      1083
      1111
      1138
      1113
      1194
      1114
      1184
      1152
      1135
      1190
      1092
      1202
      1128
      1142
      1075
      1155
      1081
      1161
      1165
      1145
      1118
      1181
      1221
      1174
      1134
      1203
      1198
      1199
      1166
      1210
      1207
      1218
      1249
      1163
      1264
      1266
      1273
      1258
      1350
      1259
      1261
      1363
      1381
      1406
      1390
      1347
      1414
      1422
      1474
      1464
      1535
      1564
      1577
      1507
      1652
      1624
      1567
      1724
      1676
      1763
      1805
      1731
      1796
      1746
      1854
      1816
      1903
      1855
      1879
      1997
      2016
      2038
      2108
      2141
      2082
      2129
      2162
      2165
      2184
      2279
      2226
      2335
      2302
      2329
      2292
      2392
      2520
      2488
      2506
      2464
      2556
      2508
      2638
      2629
      2561
      2651
      2587
      2667
      2688
      2715
      2672
      2708
      2658
      2679
      2638
      2726
      2724
      2772
      2708
      2787
      2760
      2712
      2727
      2799
      2739
      2741
      2832
      2753
      2808
      2812
      2823
      2761
      2757
      2764
      2795
      2849
      2745
      2780
      2870
      2766
      2858
      2721
      2814
      2821
      2752
      2746
      2800
      2920
      2902
      2797
      2903
      2904
      2928
      2919
      2936
      2824
      2925
      2920
      2999
      2895
      2853
      2940
      2943
      2969
      2884
      2792
      2859
      2977
      2991
      2874
      2903
      3025
      2840
      3019
      3007
      2868
      2965
      2964
      2944
      2988
      2992
      2971
      2847
      3015
      2941
      2987
      2908
      2871
      3068
      2927
      2972
      3070
      3055
      3021
      2959
      2974
      2927
      2935
      2983
      2940
      2982
      2910
      2931
      2949
      2973
      2838
      2896
      2907
      2856
      2823
      2814
      2839
      2772
      2853
      2792
      2811
      2796
      2788
      2704
      2835
      2733
      2701
      2582
      2776
      2612
      2752
      2635
      2683
      2559
      2667
      2554
      2486
      2625
      2515
      2566
      2537
      2511
      2491
      2531
      2555
      2497
      2489
      2559
      2562
      2459
      2527
      2451
      2446
      2516
      2525
      2469
      2463
      2358
      2437
      2469
      2405
      2401
      2440
      2329
      2410
      2472
      2413
      2523
      2366
      2387
      2331
      2395
      2335
      2322
      2371
      2355
      2294
      2353
      2188
      2392
      2215
      2265
      2330
      2257
      2226
      2327
      2255
      2258
      2229
      2193
      2194
      2187
      2203
      2235
      2258
      2205
      2155
      2240
      2108
      2144
      2194
      2163
      2142
      2073
      2137
      2100
      2195
      2198
      2027
      2161
      2045
      1999
      2075
      2065
      2040
      1992
      2005
      2106
      2021
      2070
      1944
      2010
      2060
      2029
      2031
      2038
      2019
      2083
      1958
      1950
      1927
      2003
      1990
      2036
      1981
      2011
      1875
      1940
      1962
      1909
      1894
      1872
      2006
      1941
      1935
      1879
      1864
      1921
      1875
      1892
      1943
      1841
      1893
      1827
      1826
      1806
      1964
      1857
      1806
      1816
      1784
      1800
      1815
      1933
      1784
      1802
      1807
      1799
      1790
      1752
      1801
      1736
      1802
      1736
      1726
      1765
      1739
      1840
      1675
      1804
      1694
      1708
      1700
      1676
      1638
      1754
      1670
      1689
      1592
      1625
      1664
      1618
      1584
      1672
      1626
      1659
      1597
      1693
      1702
      1602
      1596
      1673
      1626
      1640
      1563
      1607
      1632
      1690
      1554
      1613
      1605
      1562
      1615
      1501
      1515
      1531
      1553
      1563
      1579
      1601
      1524
      1525
      1617
      1567
      1470
      1515
      1505
      1511
      1507
      1456
      1469
      1491
      1515
      1476
      1498
      1456
      1432
      1462
      1492
      1493
      1485
      1565
      1454
      1469
      1442
      1413
      1443
      1456
      1433
      1404
      1470
      1434
      1524
      1391
      1453
      1464
      1417
      1427
      1446
      1536
      1430
      1440
      1349
      1384
      1428
      1422
      1433
      1466
      1366
      1403
      1460
      1441
      1388
      1421
      1385
      1428
      1439
      1508
      1538
      1396
      1336
      1395
      1448
      1391
      1375
      1358
      1383
      1363
      1405
      1355
      1374
      1370
      1325
      1357
      1410
      1306
      1429
      1333
      1303
      1347
      1343
      1332
      1327
      1326
      1334
      1303
      1337
      1296
      1342
      1271
      1360
      1257
      1284
      1287
      1282
      1288
      1294
      1235
      1299
      1253
      1254
      1298
      1303
      1230
      1223
      1237
      1227
      1217
      1248
      1246
      1194
      1247
      1201
      1207
      1199
      1217
      1277
      1232
      1270
      1221
      1175
      1239
      1183
      1205
      1251
      1205
      1203
      1194
      1223
      1203
      1250
      1171
      1192
      1207
      1170
      1139
      1196
      1155
      1196
      1219
      1224
      1167
      1195
      1155
      1157
      1162
      1197
      1149
      1076
      1140
      1102
      1154
      1176
      1113
      1129
      1141
      1128
      1146
      1117
      1169
      1156
      1089
      1115
      1096
      1118
      1128
      1146
      1142
      1092
      1108
      1058
      1094
      1119
      1137
      1045
      1042
      1038
      1112
      1120
      1078
      1109
      1081
      1101
      1112
      1032
      1122
      1074
      1068
      1048
      1040
      1042
      1079
      1056
      1030
      1023
      1065
      1041
      1026
      1031
      1078
      1116
      1110
      1013
      1055
      1058
      1107
      1095
      1092
      1080
      1027
      1096
      1041
      1101
      1079
      1068
      1153
      1102
      1058
      1060
      1032
      1032
      1079
      1052
      1038
      1062
      1046
      1088
      1056
      1057
      1089
      1039
      1079
      1082
      1097
      1121
      1039
      1062
      1036
      1081
      1021
      1038
      1017
      1112
      1031
      1031
      1081
      1018
      1035
       986
       984
       998
      1013
       991
       946
      1056
       982
       995
      1043
      1039
      1041
      1088
       991
      1007
       978
       985
      1009
      1009
       984
       990
       981
       963
       941
       936
       964
       954
       999
       962
       951
      1002
       976
       942
       927
      1016
       994
       916
       987
      1001
       955
       970
      1006
       950
       961
       960
       954
       962
       923
       932
       961
       923
       959
       955
       944
       949
       962
       932
       968
       910
       946
       959
       908
       995
       983
      1014
       972
       921
       995
       967
       949
       952
       972
       917
       993
       936
       975
       928
       957
       995
       899
       885
      1021
       979
       947
       951
      1001
       974
       916
       923
       974
       934
       977
       945
       933
       946
       949
       893
       910
       971
       894
       953
       934
       941
       901
       920
       917
       969
       950
       928
       961
       949
       938
       949
       920
       929
       922
       919
       960
       958
       944
       893
       907
       976
       882
       908
       909
       914
       957
      1005
       909
       951
       949
       952
       932
       902
       933
       962
       904
       963
       891
       947
       919
       936
       938
       924
       895
       919
       877
       925
       893
       913
       871
       919
       936
       940
       899
       845
       920
       942
       935
       936
       837
       932
       895
       907
       945
       878
       863
       917
       898
       905
       854
       885
       887
       920
       858
       920
       928
       935
       927
       902
       837
       941
       911
       944
       897
       895
       894
       911
       913
       900
       920
       975
       903
       967
       901
       848
       902
       924
       857
       860
       918
       937
       878
       847
       876
       854
       863
       907
       860
       900
       880
       905
       849
       860
       880
       942
       927
       880
       871
       885
       875
       935
       870
       886
       876
       864
       898
       865
       877
       887
       890
       843
       886
       849
       867
       897
       856
       935
       881
       885
       903
       789
       881
       876
       870
       801
       796
       815
       843
       831
       855
       847
       832
       801
       816
       792
       812
       833
       750
       772
       769
       806
       773
       749
       797
       801
       787
       821
       784
       785
       741
       789
       740
       813
       756
       729
       703
       752
       723
       789
       719
       766
       737
       741
       712
       717
       729
       732
       723
       688
       678
       720
       684
       676
       694
       688
       703
       699
       666
       680
       720
       698
       656
       665
       676
       663
       627
       654
       657
       613
       644
       638
       681
       621
       624
       611
       687
       615
       669
       634
       598
       633
       649
       674
       629
       575
       633
       665
       594
       658
       644
       659
       651
       611
       670
       636
       646
       626
       630
       671
       663
       604
       613
       654
       616
       648
       618
       612
       600
       639
       597
       657
       644
       598
       633
       655
       612
       652
       597
       610
       611
       626
       628
       650
       617
       582
       578
       610
       632
       635
       592
       611
       638
       626
       575
       653
       602
       607
       631
       607
       621
       593
       622
       583
       640
       547
       582
       631
       603
       613
       647
       637
       562
       578
       618
       600
       596
       595
       569
       574
       577
       622
       619
       597
       592
       636
       605
       597
       619
       596
       657
       582
       604
       633
       614
       662
       582
       627
       605
       657
       659
       673
       679
       694
       685
       720
       745
       764
       759
       802
       783
       792
       802
       833
       882
       930
       928
       975
       973
       956
      1135
      1049
      1107
      1162
      1146
      1159
      1216
      1236
      1239
      1295
      1363
      1461
      1507
      1446
      1485
      1616
      1616
      1614
      1650
      1706
      1771
      1727
      1784
      1777
      1880
      1976
      1846
      1927
      1950
      1997
      1988
      1993
      1952
      2065
      2039
      2083
      2104
      2079
      2053
      2030
      2086
      2004
      1956
      1908
      2084
      2042
      1978
      1996
      1868
      1981
      1883
      1849
      1777
      1719
      1766
      1656
      1675
      1608
      1580
      1550
      1487
      1458
      1411
      1356
      1252
      1251
      1244
      1192
      1150
      1125
      1061
      1063
       971
       953
       790
       830
       865
       820
       752
       741
       693
       657
       610
       616
       569
       541
       505
       480
       459
       422
       371
       374
       378
       371
       328
       303
       334
       304
       304
       297
       273
       222
       245
       257
       222
       202
       209
       186
       180
       184
       206
       160
       186
       172
       166
       191
       182
       190
       212
       181
       181
       207
       198
       204
       196
       208
       174
       243
       229
       202
       233
       242
       214
       286
       254
       307
       255
       307
       346
       318
       322
       343
       386
       403
       379
       416
       457
       452
       484
       485
       522
       535
       578
       581
       604
       676
       695
       679
       717
       753
       767
       775
       857
       899
       927
       978
       959
      1001
      1033
      1042
      1127
      1156
      1147
      1218
      1251
      1289
      1268
      1380
      1333
      1443
      1419
      1465
      1483
      1507
      1473
      1526
      1505
      1636
      1672
      1615
      1618
      1606
      1649
      1684
      1671
      1717
      1654
      1688
      1637
      1678
      1628
      1699
      1598
      1694
      1692
      1539
      1649
      1552
      1549
      1455
      1557
      1512
      1508
      1427
      1377
      1438
      1368
      1294
      1319
      1313
      1206
      1157
      1197
      1131
      1010
      1095
      1017
      1034
      1002
       969
       934
       829
       811
       791
       776
       735
       688
       660
       614
       653
       541
       546
       523
       478
       449
       414
       454
       387
       368
       334
       336
       333
       263
       285
       210
       245
       242
       217
       181
       178
       156
       148
       123
       120
       117
       118
       111
        90
        88
        72
        85
        77
        53
        52
        44
        48
        46
        38
        34
        32
        28
        19
        31
        26
        31
        14
        19
        20
        16
        15
        22
        13
        10
         4
        11
         6
         5
         5
         5
        10
         5
         9
         7
         6
         5
         7
         6
         4
         3
         1
         2
         4
         4
         4
         5
         7
         3
         7
         2
         2
         2
         4
         4
         4
         6
         1
         2
         3
         1
         6
         1
         3
         5
         7
         5
         4
         3
         4
         4
         7
         2
         3
         6
         3
         1
         2
         3
         3
         4
         0
         5
         3
         4
         3
         1
         3
         6
         3
         7
         1
         2
         2
         2
         4
         3
         2
         2
         2
         1
         0
         4
         2
         2
         4
         3
         4
         3
         0
         6
         5
         2
         3
         3
         1
         3
         2
         2
         5
         5
         1
         3
         6
         4
         1
         3
         3
         5
         1
         3
         2
         1
         3
         1
         3
         2
         1
         4
         2
         2
         0
         2
         5
         3
         4
         0
         1
         3
         5
         1
         4
         4
         3
         6
         2
         0
         4
         2
         1
         2
         3
         0
         2
         5
         4
         2
         1
         1
         2
         4
         1
         2
         3
         3
         0
         0
         2
         2
         2
         3
         2
         0
         4
         2
         2
         2
         5
         2
         3
         3
         0
         2
         3
         3
         3
         1
         3
         1
         2
         2
         0
         2
         0
         4
         2
         3
         1
         1
         1
         2
         1
         0
         0
         4
         2
         2
         1
         4
         0
         0
         2
         1
         2
         2
         4
         2
         1
         0
         0
         0
         1
         3
         1
         2
         2
         2
         1
         2
         1
         2
         5
         0
         0
         3
         1
         1
         2
         0
         1
         2
         1
         1
         1
         1
         2
         2
         1
         1
         0
         3
         1
         8
         3
         2
         3
         3
         2
         2
         3
         1
         0
         1
         1
         2
         0
         3
         1
         4
         1
         4
         4
         4
         0
         4
         2
         1
         1
         1
         8
         2
         3
         1
         2
         4
         1
         4
         1
         1
         0
         4
         1
         1
         3
         2
         2
         1
         3
         1
         2
         1
         1
         4
         1
         3
         2
         2
         1
         0
         2
         2
         1
         3
         3
         3
         3
         3
         1
         1
         2
         4
         2
         1
         2
         1
         3
         4
         1
         2
         5
         2
         0
         0
         3
         0
         3
         0
         4
         0
         1
         1
         1
         4
         0
         4
         1
         2
         0
         0
         0
         3
         2
         0
         2
         2
         1
         3
         1
         4
         1
         2
         1
         4
         3
         1
         1
         4
         2
         2
         2
         2
         4
         3
         3
         4
         3
         2
         3
         3
         4
         3
         4
         4
         1
         3
         2
         1
         2
         3
         4
         1
         2
         2
         3
         1
         3
         2
         0
         1
         2
         3
         4
         3
         0
         0
         0
         0
         2
         2
         0
         0
         1
         3
         1
         1
         2
         2
         1
         1
         1
         4
         2
         2
         4
         1
         0
         1
         0
         2
         0
         4
         3
         0
         3
         3
         3
         1
         2
         1
         1
         0
         3
         2
         4
         1
         1
         3
         1
         3
         1
         4
         4
         6
         4
         2
         1
         5
         2
         4
         3
         1
         3
         1
         3
         2
         6
         1
         1
         2
         1
         2
         4
         2
         0
         1
         1
         2
         2
         2
         1
         3
         3
         1
         1
         1
         0
         1
         1
         1
         1
         2
         1
         0
         2
         1
         1
         0
         5
         2
         1
         4
         0
         0
         0
         2
         2
         1
         0
         2
         4
         2
         1
         1
         0
         3
         2
         1
         1
         0
         2
         0
         2
         1
         0
         2
         1
         1
         1
         1
         1
         4
         1
         2
         2
         0
         0
         2
         1
         2
         3
         1
         1
         1
         2
         2
         1
         0
         1
         1
         2
         0
         0
         1
         0
         2
         1
         1
         1
         3
         2
         1
         1
         3
         0
         2
         2
         2
         3
         0
         0
         1
         0
         2
         0
         0
         1
         0
         2
         0
         1
         0
         1
         4
         2
         0
         1
         1
         1
         2
         0
         1
         1
         1
         1
         1
         2
         0
         0
         1
         1
         1
         1
         0
         1
         1
         0
         1
         0
         0
         0
         3
         0
         3
         1
         0
         0
         0
         0
         0
         0
         1
         0
         1
         0
         1
         1
         1
         0
         1
         0
         0
         0
         0
         0
         0
         0
         0
         0
         0
         0
         0
         0
         0
         1
         1
         1
         0
         1
         1
         0
         1
         1
         0
         1
         0
         0
         0
         1
         0
         1
         0
         0
         1
         0
         0
         0
         1
         0
         3
         0
         0
         0
         0
         1
         0
         1
         0
         0
         0
         1
         0
         0
         0
         1
         0
         1
         0
         1
         0
         0
         0
         1
         0
         0
         3
         0
         0
         0
         0
         1
         0
         0
         0
         1
         0
         0
         1
         1
         0
         0
         2
         0
         0
         0
         0
         0
         3
         0
         0
         0
         3
         0
         1
         0
         0
         0
         0
         1
         0
         0
         0
         0
         1
         0
         2
         0
         1
         1
         0
         0
         0
         0
         0
         0
         1
         0
         1
         0
         0
         1
         0
         3
         1
         2
         1
         1
         1
         1
         2
         0
         0
         2
         1
         1
         0
         0
         1
         0
         0
         1
         0
         0
         0
         0
         1
         2
         0
         1
         1
         0
         2
         1
         1
         0
         0
         2
         3
         0
         1
         2
         0
         1
         1
         0
         1
         1
         1
         1
         0
         0
         1
         0
         0
         0
         0
         1
         2
         0
         2
         1
         1
         0
         0
         1
         0
         0
         0
         1
         0
         2
         0
         0
         1
         0
         1
         0
         0
         0
         1
         0
         0
         0
         0
         0
         2
         1
         1
         0
         0
         0
         0
         1
         0
         0
         1
         1
         0
         0
         1
         0
         2
         0
         0
         0
         0
         0
         0
         0
         0
         0
         1
         0
         0
         0
         1
         0
         0
         0
         0
         1
         0
         0
         0
         0
         0
         0
         1
         0
         0
         1
         0
         0
         1
         1
         0
         0
         0
         1
         0
         0
         0
         0
         0
         1
         0
         1
         0
         0
         0
         0
         1
         0
         2
         2
         0
         1
         0
         0
         1
         0
         0
         1
         0
         0
         0
         0
         0
         0
         0
         0
         1
         1
         1
         0
         0
         0
         0
         0
         0
         0
         0
         1
         0
         0
         0
         0
         0
         0
         0
         0
         0
         0
         0
         0
         0
         0
         1
         0
         1
         0
         1
         0
         0
         0
         0
         0
         0
         0
         0
         0
         0
         1
         0
         0
         0
         0
         0
         0
         0
         0
         0
         0
         0
         0
         0
         0
         0
         0
         0
         0
         0
         0
         0
         0
         0
         1
         3
         0
         0
         0
         0
         0
         0
         0
         0
         1
         0
         0
         0
         0
         0
         0
         0
         0
         0
         1
         0
         0
         0
         0
         0
         2
         0
         0
         1
         0
         0
         0
         4
         0
         0
         1
         0
         0
         1
         1
         0
         0
         0
         1
         1
         1
         2
         1
         0
         0
         1
         1
         0
         0
         1
         0
         0
         1
         0
         0
         0
         0
         0
         0
         0
         1
         1
         0
         0
         2
         1
         1
         0
         1
         1
         0
         1
         0
         0
         2
         2
         0
         0
         1
         0
         1
         0
         0
         0
         0
         1
         0
         0
         1
         0
         0
         0
         0
         1
         0
         1
         0
         1
         0
         1
         0
         1
         0
         1
         0
         0
         1
         1
         0
         0
         0
         2
         1
         2
         2
         3
         0
         0
         1
         1
         0
         0
         0
         0
         1
         1
         0
         0
         0
         0
         0
         0
         0
         0
         0
         0
         1
         0
         2
         0
         1
         0
         0
         0
         2
         0
         0
         0
         2
         0
         1
         1
         0
         0
         0
         0
         0
         0
         0
         0
         0
         0
         0
         0
         0
         0
         0
         0
         0
         0
         0
         1
         0
         0
         0
         0
         1
         0
         0
         0
         0
         0
         0
         0
         0
         0
         0
         0
         0
         0
         0
         0
         0
         0
         0
         0
         0
         0
         0
         0
         0
         0
         0
         0
         0
         0
         0
         0
         0
         0
         0
         0
         0
         0
         0
         0
         0
         0
         0
         0
         0
         0
         0
         0
         0
         0
         0
         0
         0
         0
         0
         0
         0
         0
         0
         0
         0
         0
         0
         0
         0
         0
         0
         0
         0
         0
         0
         0
         0
         0
         0
         0
         0
         0
         0
         0
         0
         0
         0
         0
         0
         0
         0
         0
         0
         0
         0
         0
         0
         0
         0
         0
         0
         0
         0
         0
         0
         0
         0
         0
         0
         0
         0
         0
         0
         0
         0
         0
         0
         0
         0
         0
         0
         0
         0
         0
         0
         0
         0
         0
         0
         0
         0
         0
         0
         0
         0
         0
         0
         0
         0
         0
         0
         0
         0
         0
         0
         0
         0
         0
         0
         0
         0
         0
         0
         0
         0
         0
         0
         0
         0
         0
         0
         0
         0
         0
         0
         0
         0
         0
         0
         0
         0
         0
         0
         0
         0
         0
         0
         0
         0
         0
         0
         0
         0
         0
         0
         0
         0
         0
         0
         0
         0
         0
         0
         0
         0
         0
         0
         0
         0
         0
         0
         0
         0
         0
         0
         0
         0
         0
         0
         0
         0
         0
         0
         0
         0
         0
         0
         0
         0
         0
         0
         0
         0
         0
         0
         0
         0
         0
         0
         0
         0
         0
         0
         0
         0
         0
         0
         0
         0
         0
         0
         0
         0
         0
         0
         0
         0
         0
         0
         0
         0
         0
         0
         0
         0
         0
         0
         0
         0
         0
         0
         0
         0
         0
         0
         0
         0
         0
         0
         0
         0
         0
         0
         0
         0
         0
         0
         0
         0
         0
         0
         0
         0
         0
         0
         0
         0
         0
         0
         0
         0
         0
         0
         0
         0
         0
         0
         0
         0
         0
         0
         0
         0
         0
         0
         0
         0
         0
         0
         0
         0
         0
         0
         0
         0
         0
         0
         0
         0
         0
         0
         0
         0
         0
         0
         0
         0
         0
         0
         0
         0
         0
         0
         0
         0
         0
         0
         0
         0
         0
         0
         0
         0
         0
         0
         0
         0
         0
         0
         0
         0
         0
         0
         0
         0
         0
         0
         0
         0
         0
         0
         0
         0
         0
         0
         0
         0
         0
         0
         0
         0
         0
         0
         0
         0
         0
         0
         0
         0
         0
         0
         0
         0
         0
         0
         0
         0
         0
         0
         0
         0
         0
         0
         0
         0
         0
         0
         0
         0
         0
         0
         0
         0
         0
         0
         0
         0
         0
         0
         0
         0
         0
         0
         0
         0
         0
         0
         0
         0
         0
         0
         0
         0
         0
