         0
         0
         0
         0
         0
         0
         0
         0
         0
         0
      1182
      1234
      1264
      1275
      1238
      1181
      1125
      1167
      1114
      1132
      1161
      1123
      1137
      1146
      1163
      1160
      1138
      1104
      1136
      1175
      1128
      1201
      1156
      1176
      1182
      1225
      1196
      1223
      1217
      1279
      1252
      1198
      1272
      1290
      1309
      1291
      1243
      1292
      1166
      1164
      1189
      1180
      1122
      1110
      1154
      1187
      1153
      1209
      1140
      1130
      1162
      1185
      1165
      1159
      1168
      1264
      1250
      1329
      1237
      1283
      1282
      1286
      1284
      1321
      1297
      1308
      1288
      1356
      1342
      1380
      1362
      1385
      1411
      1464
      1496
      1498
      1591
      1486
      1502
      1550
      1609
      1595
      1480
      1569
      1651
      1674
      1664
      1614
      1583
      1651
      1705
      1708
      1753
      1714
      1776
      1815
      1890
      1907
      2018
      1971
      1958
      2033
      2046
      2046
      2197
      2164
      2189
      2175
      2283
      2335
      2269
      2305
      2401
      2461
      2423
      2422
      2428
      2574
      2528
      2560
      2572
      2644
      2696
      2613
      2675
      2565
      2752
      2715
      2696
      2673
      2672
      2661
      2791
      2762
      2850
      2842
      2727
      2815
      2832
      2880
      2864
      2893
      2887
      2915
      2888
      2847
      2782
      2982
      2873
      2995
      2914
      2986
      3066
      2871
      2890
      2922
      2903
      2873
      2890
      2909
      2922
      2900
      2924
      2852
      2912
      2893
      2847
      2877
      2909
      2944
      2930
      2951
      2966
      2945
      2921
      2874
      2957
      2958
      2962
      2946
      2967
      2909
      2909
      2878
      2899
      2836
      2934
      2852
      2924
      2881
      2933
      2862
      2965
      3077
      2991
      2923
      2942
      3000
      2950
      2994
      2902
      3002
      2945
      3056
      3122
      3031
      3082
      3067
      2998
      3127
      3044
      2960
      2979
      3044
      3005
      3032
      3020
      2927
      2920
      2972
      3002
      3049
      3071
      2940
      2941
      2912
      2929
      2979
      2962
      2890
      2859
      2970
      2926
      2876
      2982
      2820
      2793
      2823
      2907
      2863
      2852
      2712
      2788
      2793
      2801
      2848
      2810
      2808
      2707
      2696
      2669
      2678
      2657
      2596
      2765
      2717
      2671
      2650
      2539
      2561
      2573
      2600
      2601
      2542
      2543
      2631
      2583
      2624
      2560
      2565
      2655
      2593
      2566
      2511
      2636
      2578
      2587
      2586
      2588
      2544
      2511
      2549
      2584
      2523
      2520
      2457
      2471
      2414
      2401
      2460
      2471
      2421
      2419
      2485
      2415
      2370
      2389
      2353
      2355
      2274
      2351
      2336
      2341
      2302
      2292
      2298
      2312
      2245
      2188
      2232
      2242
      2189
      2254
      2135
      2206
      2268
      2249
      2192
      2143
      2212
      2199
      2217
      2076
      2224
      2157
      2182
      2178
      2151
      2113
      2178
      2145
      2108
      2117
      2133
      2116
      2076
      2053
      2012
      2068
      2015
      2056
      2024
      2059
      1996
      1991
      2058
      2096
      2001
      2007
      1978
      1953
      2028
      1983
      2002
      1973
      2039
      1944
      1979
      2060
      1927
      2069
      1909
      1962
      1936
      2019
      1916
      1994
      1905
      1933
      1971
      1901
      1967
      1881
      2028
      1868
      1979
      1898
      1882
      1929
      1880
      1859
      1847
      1904
      1951
      1845
      1896
      1940
      1865
      1847
      1885
      1849
      1884
      1833
      1920
      1806
      1809
      1817
      1813
      1800
      1682
      1757
      1829
      1807
      1737
      1762
      1676
      1708
      1775
      1731
      1773
      1723
      1651
      1662
      1703
      1740
      1624
      1662
      1712
      1724
      1690
      1660
      1644
      1657
      1688
      1617
      1623
      1675
      1635
      1664
      1687
      1663
      1624
      1692
      1626
      1592
      1647
      1489
      1633
      1619
      1620
      1564
      1560
      1569
      1492
      1589
      1610
      1507
      1551
      1513
      1506
      1516
      1526
      1523
      1466
      1541
      1522
      1476
      1536
      1464
      1453
      1474
      1503
      1434
      1498
      1513
      1503
      1470
      1463
      1517
      1476
      1456
      1462
      1488
      1496
      1426
      1440
      1431
      1469
      1516
      1477
      1515
      1427
      1470
      1402
      1447
      1436
      1465
      1441
      1508
      1422
      1486
      1473
      1530
      1430
      1522
      1496
      1488
      1468
      1438
      1466
      1438
      1500
      1465
      1474
      1459
      1502
      1496
      1435
      1427
      1520
      1451
      1385
      1350
      1482
      1408
      1370
      1436
      1366
      1454
      1385
      1408
      1369
      1369
      1322
      1429
      1389
      1321
      1439
      1353
      1383
      1274
      1420
      1295
      1363
      1347
      1287
      1284
      1373
      1297
      1318
      1263
      1304
      1348
      1351
      1329
      1359
      1312
      1316
      1260
      1326
      1294
      1326
      1320
      1269
      1222
      1280
      1292
      1258
      1244
      1296
      1253
      1280
      1278
      1234
      1246
      1244
      1261
      1291
      1265
      1209
      1251
      1239
      1244
      1227
      1291
      1254
      1297
      1226
      1202
      1178
      1168
      1226
      1278
      1172
      1260
      1214
      1207
      1233
      1208
      1214
      1165
      1235
      1160
      1142
      1215
      1191
      1202
      1165
      1185
      1265
      1155
      1223
      1219
      1172
      1200
      1196
      1168
      1185
      1170
      1155
      1101
      1196
      1157
      1162
      1143
      1193
      1198
      1229
      1147
      1168
      1188
      1140
      1210
      1147
      1158
      1187
      1192
      1096
      1224
      1097
      1179
      1137
      1146
      1112
      1110
      1152
      1197
      1156
      1143
      1098
      1131
      1111
      1117
      1060
      1071
      1137
      1123
      1143
      1110
      1073
      1134
      1109
      1060
      1114
      1183
      1119
      1084
      1159
      1158
      1151
      1131
      1061
      1085
      1124
      1077
      1118
      1065
      1151
      1123
      1091
      1025
      1107
      1091
      1149
      1113
      1093
      1106
      1100
      1073
      1142
      1033
      1059
      1050
      1099
      1079
      1097
      1057
      1032
      1087
      1121
      1059
      1023
      1070
      1105
      1040
      1047
      1068
      1106
      1053
      1046
      1007
       964
      1068
      1075
      1015
      1111
      1026
      1096
      1070
      1049
       989
      1039
      1007
       994
      1015
      1066
       987
      1041
      1020
      1081
      1076
      1072
      1004
      1057
      1084
      1087
      1028
      1094
      1075
      1028
      1005
      1019
      1020
      1024
      1034
      1031
       957
      1078
      1008
      1066
      1001
      1046
       988
      1079
      1051
      1030
      1019
      1036
      1099
      1045
      1070
      1062
      1005
      1017
       971
       988
      1052
       996
       972
       990
       994
      1024
      1011
       977
       979
      1044
       957
      1077
      1012
      1016
      1012
       987
       997
      1015
      1041
       942
      1019
      1065
       986
      1050
      1040
      1056
       999
      1004
      1027
      1040
       994
      1089
      1059
       977
      1008
       997
      1009
       997
       998
       970
       966
      1001
      1052
      1006
       981
      1032
       945
      1007
      1015
       990
       974
       944
       970
      1000
       974
       969
       999
       986
       978
       957
       934
      1029
      1045
      1034
      1029
       985
      1014
       992
       969
      1016
       981
       997
       955
       937
       979
      1003
       981
       979
       983
      1034
       987
       913
      1002
       989
      1031
      1012
      1030
       943
       911
       992
       994
       937
       995
      1000
       992
       967
       983
       933
      1023
       954
      1044
       974
       950
       947
       990
       955
      1016
       974
       989
       919
       958
       917
       917
       959
       977
       981
       949
       996
       998
       968
       930
       975
       990
       970
       975
       963
       976
      1033
       942
       970
       940
       928
       962
       949
       989
       919
      1029
       936
       990
      1011
       987
       973
       999
      1007
       944
       995
      1035
      1029
      1006
       987
       987
       929
       914
       926
      1017
       939
       997
      1026
      1037
       948
       974
       954
       985
       967
      1013
       903
       936
       942
       887
       942
       942
       995
       870
       929
       915
       882
       934
       915
       933
       867
       940
       926
       868
       894
       938
       916
       911
       907
       818
       941
       831
       889
       876
       901
       836
       827
       853
       822
       830
       855
       848
       799
       835
       848
       827
       810
       751
       829
       778
       743
       778
       805
       740
       771
       755
       806
       719
       781
       776
       786
       741
       799
       776
       764
       753
       762
       751
       786
       741
       767
       768
       722
       725
       737
       733
       663
       700
       746
       744
       742
       754
       731
       695
       787
       742
       716
       731
       718
       726
       707
       745
       715
       686
       710
       687
       708
       725
       696
       716
       705
       701
       658
       708
       691
       684
       681
       658
       643
       706
       726
       650
       679
       675
       650
       710
       670
       651
       715
       688
       706
       676
       707
       667
       627
       684
       646
       649
       691
       644
       697
       706
       737
       719
       632
       663
       703
       714
       700
       674
       655
       652
       687
       654
       657
       689
       639
       654
       676
       670
       666
       667
       665
       695
       704
       673
       640
       667
       690
       609
       655
       630
       649
       626
       653
       634
       654
       610
       661
       646
       599
       693
       672
       648
       645
       635
       657
       674
       674
       647
       670
       644
       675
       652
       712
       671
       685
       647
       703
       725
       706
       753
       756
       760
       796
       843
       824
       896
       893
       868
       940
       885
       946
       957
      1030
      1041
      1050
      1119
      1140
      1206
      1183
      1213
      1315
      1308
      1352
      1388
      1445
      1414
      1521
      1563
      1592
      1629
      1709
      1609
      1689
      1808
      1834
      1867
      1947
      1939
      1991
      2103
      2113
      2106
      2078
      2113
      2160
      2193
      2255
      2249
      2282
      2267
      2318
      2363
      2311
      2310
      2408
      2270
      2337
      2335
      2313
      2313
      2317
      2220
      2272
      2170
      2184
      2122
      2169
      2131
      2036
      2060
      2093
      1950
      1941
      1837
      1866
      1841
      1693
      1699
      1654
      1593
      1542
      1500
      1476
      1390
      1325
      1318
      1296
      1243
      1174
      1151
      1135
      1060
       989
      1015
       915
       863
       812
       774
       764
       745
       707
       668
       643
       577
       524
       552
       478
       478
       467
       434
       427
       415
       344
       351
       328
       350
       294
       278
       284
       273
       289
       278
       264
       236
       235
       228
       228
       203
       220
       208
       207
       175
       190
       199
       208
       210
       200
       203
       230
       226
       223
       209
       220
       208
       204
       223
       238
       241
       226
       286
       276
       285
       289
       278
       340
       352
       366
       379
       368
       457
       473
       443
       461
       515
       514
       561
       546
       615
       621
       645
       684
       674
       692
       774
       792
       845
       935
       895
       919
       978
       935
      1035
      1073
      1118
      1213
      1182
      1265
      1295
      1319
      1351
      1414
      1447
      1518
      1506
      1537
      1634
      1555
      1693
      1681
      1715
      1722
      1845
      1778
      1742
      1845
      1885
      1836
      1806
      1935
      1923
      1879
      1926
      1958
      1946
      1960
      1861
      1909
      1989
      1982
      1870
      1895
      1939
      1840
      1820
      1841
      1827
      1699
      1757
      1662
      1726
      1616
      1650
      1609
      1535
      1584
      1512
      1487
      1462
      1482
      1299
      1278
      1278
      1210
      1152
      1116
      1098
      1052
      1099
       999
      1004
       924
       848
       858
       796
       758
       740
       698
       636
       565
       619
       587
       484
       481
       495
       436
       402
       392
       399
       370
       303
       275
       287
       252
       277
       257
       247
       223
       184
       169
       136
       149
       142
       135
       109
       118
       103
        81
       108
        79
        82
        66
        54
        60
        51
        60
        40
        42
        39
        28
        38
        21
        33
        33
        28
        20
        19
        15
        17
        18
        11
         7
        15
         8
         8
         9
         6
         3
        10
        12
         8
         4
         8
         7
         8
         2
         4
         5
         7
         6
         1
         5
         5
         6
         4
         2
         6
         4
         3
         3
         5
         1
         5
         5
         3
         6
         3
         7
         3
         5
         2
         4
         3
         4
         4
         3
         4
         0
         3
         1
         2
         4
         6
         4
         4
         3
         2
         1
         2
         7
         7
         5
         3
         2
         1
         1
         1
         5
         1
         2
         3
         3
         6
         4
         2
         4
         1
         6
         2
         2
         4
         3
         5
         2
         0
         4
         2
         2
         4
         1
         0
         2
         0
         1
         1
         3
         3
         3
         2
         3
         0
         0
         1
         2
         1
         0
         2
         3
         1
         2
         2
         2
         2
         3
         2
         2
         2
         2
         2
         3
         3
         2
         2
         3
         2
         2
         3
         0
         6
         2
         4
         1
         3
         7
         5
         2
         1
         1
         1
         3
         3
         4
         2
         5
         2
         2
         0
         2
         1
         1
         3
         3
         1
         2
         5
         1
         3
         3
         4
         2
         5
         1
         4
         5
         0
         1
         2
         1
         0
         2
         2
         4
         3
         1
         4
         4
         3
         2
         2
         2
         4
         5
         2
         4
         0
         2
         2
         4
         4
         4
         1
         4
         2
         1
         3
         3
         3
         5
         6
         3
         3
         3
         4
         1
         4
         7
         4
         1
         3
         4
         3
         3
         3
         3
         4
         1
         3
         4
         5
         5
         2
         3
         5
         5
         2
         3
         5
         5
         2
         2
         2
         5
         5
         3
         6
         1
         5
         0
         2
         5
         4
         6
         8
         4
         3
         0
         2
         5
         4
         6
         4
         4
         1
         3
         3
         3
         7
         4
         4
         3
         1
         3
         4
         3
         2
         2
         2
         5
         5
         1
         5
         3
         0
         4
         3
         4
         4
         3
         3
         2
         3
         2
         2
         2
         1
         3
         1
         2
         6
         7
         4
         2
         3
         2
         2
         2
         1
         3
         2
         3
         2
         4
         4
         2
         2
         5
         4
         2
         1
         2
         5
         3
         4
         2
         2
         4
         1
         3
         0
         1
         1
         3
         3
         5
         3
         3
         4
         0
         1
         2
         1
         2
         2
         0
         2
         2
         1
         4
         7
         1
         2
         3
         1
         1
         3
         0
         1
         1
         0
         0
         4
         0
         0
         0
         2
         2
         0
         2
         2
         2
         2
         1
         1
         0
         3
         2
         1
         1
         3
         1
         0
         0
         2
         3
         3
         2
         1
         4
         2
         0
         0
         3
         1
         0
         1
         0
         3
         0
         1
         2
         0
         2
         1
         2
         0
         0
         1
         4
         2
         1
         3
         0
         6
         1
         0
         0
         2
         0
         1
         1
         1
         1
         2
         2
         2
         3
         2
         2
         1
         1
         1
         2
         4
         0
         2
         2
         2
         2
         0
         4
         4
         4
         1
         2
         1
         3
         0
         1
         1
         2
         5
         2
         2
         0
         3
         0
         2
         2
         1
         1
         0
         1
         0
         1
         1
         0
         3
         0
         0
         0
         1
         2
         1
         0
         0
         0
         3
         2
         3
         1
         2
         0
         0
         3
         1
         2
         1
         2
         0
         0
         1
         1
         0
         0
         4
         1
         1
         1
         0
         1
         0
         0
         3
         2
         0
         1
         0
         0
         3
         0
         0
         0
         0
         1
         0
         0
         0
         0
         0
         1
         0
         0
         1
         0
         0
         0
         1
         2
         1
         0
         1
         0
         0
         0
         0
         0
         1
         2
         1
         1
         1
         1
         0
         1
         0
         1
         1
         1
         4
         1
         0
         0
         1
         1
         0
         1
         1
         1
         0
         1
         2
         1
         1
         0
         2
         1
         1
         2
         0
         1
         0
         1
         1
         0
         0
         1
         0
         0
         0
         1
         0
         0
         0
         1
         0
         0
         2
         1
         2
         0
         0
         1
         1
         0
         1
         0
         1
         1
         0
         0
         0
         0
         0
         1
         0
         0
         2
         0
         1
         0
         1
         0
         0
         1
         0
         1
         0
         2
         2
         0
         0
         0
         2
         0
         0
         1
         0
         1
         1
         2
         0
         1
         0
         0
         1
         1
         2
         1
         0
         0
         1
         0
         0
         1
         1
         2
         0
         0
         0
         1
         1
         0
         0
         1
         0
         0
         2
         0
         0
         0
         0
         1
         3
         0
         0
         1
         1
         0
         1
         0
         0
         1
         2
         0
         1
         0
         0
         0
         0
         2
         1
         0
         1
         0
         1
         0
         0
         1
         1
         1
         1
         0
         0
         0
         2
         0
         1
         1
         1
         0
         0
         0
         0
         0
         0
         0
         2
         1
         0
         1
         2
         1
         0
         1
         0
         1
         0
         0
         1
         3
         2
         0
         0
         0
         1
         0
         1
         3
         0
         1
         0
         1
         2
         0
         0
         0
         1
         0
         4
         1
         0
         3
         2
         0
         1
         3
         2
         1
         1
         2
         1
         0
         0
         0
         1
         0
         0
         2
         1
         0
         0
         0
         2
         0
         0
         1
         0
         0
         1
         0
         1
         0
         1
         1
         0
         6
         1
         2
         0
         2
         1
         0
         1
         1
         3
         2
         0
         1
         0
         2
         0
         0
         0
         1
         2
         0
         0
         1
         0
         4
         1
         1
         2
         1
         0
         0
         0
         0
         0
         0
         1
         3
         0
         0
         2
         0
         1
         0
         0
         1
         0
         1
         2
         0
         0
         3
         1
         1
         0
         3
         3
         0
         2
         2
         0
         2
         1
         2
         0
         1
         1
         1
         1
         0
         3
         0
         1
         2
         1
         0
         0
         1
         1
         0
         0
         2
         0
         0
         0
         3
         1
         0
         0
         1
         1
         0
         0
         0
         1
         0
         0
         0
         0
         2
         0
         0
         2
         1
         0
         0
         2
         1
         1
         0
         1
         1
         1
         0
         1
         0
         0
         0
         0
         0
         0
         0
         1
         0
         1
         0
         0
         1
         1
         1
         0
         0
         0
         0
         0
         1
         0
         1
         0
         0
         0
         0
         1
         0
         0
         1
         0
         0
         0
         0
         1
         1
         0
         0
         0
         0
         0
         0
         0
         0
         0
         0
         0
         0
         0
         1
         0
         0
         1
         0
         1
         0
         1
         0
         0
         0
         0
         2
         0
         0
         0
         0
         1
         0
         0
         0
         0
         0
         0
         1
         1
         1
         0
         0
         1
         1
         0
         0
         0
         0
         0
         1
         1
         1
         0
         1
         0
         1
         0
         0
         2
         0
         0
         1
         0
         3
         0
         0
         1
         0
         1
         0
         0
         1
         0
         0
         0
         0
         1
         0
         0
         1
         0
         1
         0
         0
         0
         0
         2
         0
         0
         1
         1
         0
         0
         1
         1
         0
         0
         1
         0
         0
         1
         1
         1
         0
         0
         1
         1
         0
         1
         0
         0
         0
         2
         1
         0
         0
         1
         0
         1
         2
         1
         0
         0
         0
         1
         0
         0
         2
         1
         0
         1
         0
         1
         0
         2
         0
         0
         0
         1
         0
         0
         0
         0
         1
         0
         0
         2
         0
         2
         0
         0
         0
         0
         0
         2
         1
         0
         0
         0
         0
         0
         0
         0
         0
         0
         0
         1
         1
         1
         0
         1
         0
         2
         1
         0
         1
         0
         2
         2
         0
         0
         2
         1
         0
         0
         0
         1
         1
         0
         0
         2
         0
         0
         1
         0
         0
         0
         0
         1
         0
         0
         1
         0
         0
         1
         0
         1
         0
         0
         1
         0
         0
         0
         0
         0
         0
         0
         0
         0
         0
         0
         0
         0
         0
         0
         1
         0
         0
         0
         0
         0
         1
         0
         0
         0
         0
         0
         0
         0
         0
         0
         0
         0
         0
         0
         0
         1
         0
         0
         0
         0
         0
         0
         0
         0
         0
         0
         0
         0
         0
         0
         0
         0
         1
         0
         0
         0
         0
         0
         0
         0
         0
         0
         0
         0
         0
         0
         0
         0
         0
         0
         0
         0
         0
         0
         0
         0
         0
         0
         0
         0
         0
         0
         0
         0
         0
         0
         0
         0
         0
         0
         0
         0
         0
         0
         0
         0
         0
         0
         0
         0
         0
         0
         0
         0
         0
         0
         0
         0
         0
         0
         0
         0
         0
         0
         0
         0
         0
         0
         0
         0
         0
         0
         0
         0
         0
         0
         0
         0
         0
         0
         0
         0
         0
         0
         0
         0
         0
         0
         0
         0
         0
         0
         0
         0
         0
         0
         0
         0
         0
         0
         0
         0
         0
         0
         0
         0
         0
         0
         0
         0
         0
         0
         0
         0
         0
         0
         0
         0
         0
         0
         0
         0
         0
         0
         0
         0
         0
         0
         0
         0
         0
         0
         0
         0
         0
         0
         0
         0
         0
         0
         0
         0
         0
         0
         0
         0
         0
         0
         0
         0
         0
         0
         0
         0
         0
         0
         0
         0
         0
         0
         0
         0
         0
         0
         0
         0
         0
         0
         0
         0
         0
         0
         0
         0
         0
         0
         0
         0
         0
         0
         0
         0
         0
         0
         0
         0
         0
         0
         0
         0
         0
         0
         0
         0
         0
         0
         0
         0
         0
         0
         0
         0
         0
         0
         0
         0
         0
         0
         0
         0
         0
         0
         0
         0
         0
         0
         0
         0
         0
         0
         0
         0
         0
         0
         0
         0
         0
         0
         0
         0
         0
         0
         0
         0
         0
         0
         0
         0
         0
         0
         0
         0
         0
         0
         0
         0
         0
         0
         0
         0
         0
         0
         0
         0
         0
         0
         0
         0
         0
         0
         0
         0
         0
         0
         0
         0
         0
         0
         0
         0
         0
         0
         0
         0
         0
         0
         0
         0
         0
         0
         0
         0
         0
         0
         0
         0
         0
         0
         0
         0
         0
         0
         0
         0
         0
         0
         0
         0
         0
         0
         0
         0
         0
         0
         0
         0
         0
         0
         0
         0
         0
         0
         0
         0
         0
         0
         0
         0
         0
         0
         0
         0
         0
         0
         0
         0
         0
         0
         0
         0
         0
         0
         0
         0
         0
         0
         0
         0
         0
         0
         0
         0
         0
         0
         0
         0
         0
         0
         0
         0
         0
         0
         0
         0
         0
         0
         0
         0
         0
         0
         0
         0
         0
         0
         0
         0
         0
         0
         0
         0
         0
         0
         0
         0
         0
         0
         0
         0
         0
         0
         0
         0
         0
         0
         0
         0
         0
         0
         0
         0
         0
         0
         0
         0
         0
         0
