         0
         0
         0
         0
         0
         0
         0
         0
         0
         0
      1174
      1144
      1096
      1157
      1175
      1143
      1167
      1140
      1115
      1154
      1158
      1221
      1215
      1323
      1358
      1372
      1324
      1377
      1329
      1357
      1394
      1400
      1309
      1305
      1355
      1299
      1337
      1290
      1281
      1192
      1188
      1213
      1247
      1204
      1167
      1214
      1284
      1298
      1285
      1268
      1259
      1279
      1319
      1310
      1308
      1218
      1233
      1224
      1274
      1299
      1251
      1306
      1311
      1273
      1282
      1267
      1318
      1299
      1311
      1399
      1348
      1316
      1336
      1333
      1295
      1331
      1315
      1387
      1364
      1350
      1347
      1381
      1377
      1402
      1486
      1452
      1460
      1484
      1504
      1513
      1536
      1588
      1519
      1588
      1570
      1622
      1597
      1614
      1645
      1594
      1621
      1649
      1670
      1729
      1815
      1718
      1700
      1764
      1756
      1759
      1788
      1865
      1863
      1781
      1921
      1817
      1896
      1920
      1910
      1883
      1991
      1962
      2069
      1982
      2097
      2098
      2074
      1979
      2069
      2053
      2066
      2119
      2150
      2236
      2147
      2067
      2127
      2100
      2204
      2201
      2144
      2152
      2190
      2198
      2144
      2211
      2235
      2172
      2260
      2295
      2193
      2223
      2277
      2243
      2236
      2333
      2235
      2265
      2190
      2167
      2283
      2286
      2254
      2307
      2284
      2300
      2297
      2294
      2244
      2301
      2321
      2292
      2277
      2332
      2295
      2411
      2346
      2327
      2302
      2332
      2250
      2313
      2235
      2316
      2353
      2324
      2346
      2338
      2399
      2378
      2439
      2298
      2436
      2420
      2335
      2483
      2440
      2478
      2416
      2464
      2517
      2436
      2377
      2436
      2434
      2554
      2597
      2638
      2525
      2625
      2586
      2744
      2601
      2622
      2709
      2691
      2852
      2710
      2795
      2874
      2810
      2871
      2818
      2825
      2861
      2897
      2702
      2769
      2795
      2850
      2859
      2757
      2790
      2792
      2819
      2671
      2801
      2766
      2844
      2755
      2770
      2683
      2743
      2657
      2755
      2657
      2663
      2575
      2645
      2589
      2540
      2535
      2540
      2565
      2515
      2535
      2557
      2562
      2597
      2504
      2537
      2442
      2516
      2588
      2573
      2490
      2481
      2463
      2592
      2378
      2485
      2517
      2396
      2391
      2430
      2457
      2404
      2455
      2396
      2407
      2460
      2463
      2457
      2422
      2386
      2405
      2430
      2380
      2265
      2365
      2353
      2333
      2267
      2343
      2400
      2306
      2325
      2316
      2266
      2280
      2274
      2285
      2250
      2217
      2207
      2189
      2216
      2195
      2182
      2164
      2140
      2214
      2303
      2145
      2323
      2184
      2170
      2250
      2167
      2155
      2087
      2142
      2151
      2162
      2130
      2141
      2161
      2092
      2031
      2033
      2025
      2015
      1998
      2030
      2061
      2057
      2008
      1973
      2065
      2060
      1995
      2016
      1940
      1998
      1963
      2032
      1972
      1982
      1945
      2007
      2048
      1892
      1996
      1943
      1971
      1945
      1984
      1899
      1912
      1884
      1905
      1901
      1919
      1976
      1957
      1854
      1945
      1884
      1907
      1904
      1835
      1786
      1804
      1854
      1878
      1884
      1900
      1799
      1870
      1746
      1868
      1846
      1756
      1885
      1860
      1796
      1809
      1863
      1670
      1736
      1827
      1733
      1806
      1759
      1744
      1768
      1748
      1763
      1688
      1758
      1728
      1682
      1704
      1754
      1826
      1705
      1688
      1665
      1703
      1695
      1711
      1745
      1696
      1615
      1661
      1710
      1659
      1611
      1725
      1689
      1676
      1674
      1653
      1630
      1660
      1705
      1611
      1608
      1561
      1600
      1608
      1595
      1657
      1565
      1577
      1623
      1565
      1567
      1579
      1559
      1598
      1596
      1600
      1594
      1618
      1610
      1588
      1495
      1510
      1544
      1629
      1552
      1618
      1546
      1589
      1572
      1553
      1530
      1603
      1561
      1581
      1633
      1565
      1524
      1553
      1600
      1517
      1534
      1588
      1535
      1568
      1561
      1571
      1509
      1509
      1517
      1544
      1517
      1492
      1523
      1508
      1523
      1569
      1497
      1584
      1576
      1518
      1502
      1499
      1580
      1515
      1522
      1578
      1510
      1501
      1497
      1514
      1529
      1545
      1514
      1534
      1516
      1498
      1519
      1544
      1550
      1551
      1520
      1578
      1523
      1560
      1551
      1518
      1474
      1475
      1442
      1444
      1444
      1504
      1493
      1469
      1421
      1471
      1515
      1505
      1450
      1465
      1449
      1512
      1402
      1476
      1389
      1432
      1471
      1408
      1413
      1470
      1446
      1384
      1444
      1426
      1380
      1412
      1386
      1409
      1441
      1379
      1437
      1445
      1429
      1434
      1414
      1391
      1381
      1424
      1399
      1431
      1330
      1404
      1370
      1353
      1434
      1465
      1447
      1378
      1410
      1362
      1400
      1422
      1385
      1411
      1370
      1413
      1317
      1417
      1313
      1357
      1382
      1270
      1350
      1280
      1402
      1397
      1339
      1329
      1424
      1356
      1401
      1364
      1383
      1304
      1366
      1351
      1355
      1278
      1369
      1302
      1365
      1315
      1321
      1318
      1334
      1369
      1341
      1332
      1321
      1349
      1299
      1330
      1292
      1307
      1319
      1345
      1302
      1331
      1386
      1309
      1324
      1329
      1357
      1291
      1349
      1295
      1289
      1391
      1335
      1336
      1355
      1304
      1277
      1323
      1320
      1304
      1395
      1314
      1349
      1319
      1385
      1384
      1322
      1312
      1304
      1334
      1359
      1305
      1302
      1342
      1313
      1262
      1314
      1303
      1310
      1361
      1271
      1335
      1271
      1307
      1347
      1280
      1384
      1275
      1351
      1327
      1311
      1286
      1328
      1394
      1346
      1311
      1252
      1282
      1323
      1250
      1302
      1259
      1364
      1300
      1328
      1334
      1300
      1315
      1281
      1332
      1324
      1337
      1336
      1330
      1376
      1240
      1285
      1242
      1290
      1314
      1335
      1337
      1318
      1267
      1319
      1283
      1289
      1305
      1307
      1305
      1305
      1304
      1318
      1253
      1299
      1302
      1354
      1282
      1293
      1268
      1268
      1304
      1232
      1342
      1319
      1293
      1282
      1251
      1260
      1327
      1287
      1308
      1331
      1317
      1200
      1297
      1323
      1324
      1308
      1287
      1285
      1297
      1309
      1273
      1290
      1279
      1281
      1328
      1227
      1333
      1305
      1315
      1279
      1324
      1294
      1343
      1228
      1276
      1283
      1283
      1256
      1273
      1329
      1306
      1358
      1278
      1283
      1264
      1248
      1279
      1341
      1243
      1287
      1304
      1288
      1241
      1353
      1307
      1253
      1295
      1288
      1275
      1258
      1246
      1258
      1340
      1297
      1301
      1339
      1252
      1281
      1337
      1354
      1247
      1277
      1316
      1293
      1274
      1301
      1324
      1325
      1310
      1276
      1312
      1250
      1339
      1244
      1281
      1298
      1195
      1287
      1274
      1283
      1298
      1263
      1336
      1385
      1229
      1274
      1336
      1304
      1255
      1325
      1285
      1304
      1361
      1323
      1361
      1278
      1320
      1225
      1296
      1342
      1342
      1365
      1294
      1224
      1349
      1310
      1325
      1292
      1294
      1334
      1342
      1334
      1366
      1340
      1268
      1354
      1283
      1337
      1303
      1292
      1308
      1331
      1292
      1278
      1311
      1359
      1268
      1332
      1411
      1280
      1337
      1253
      1295
      1323
      1311
      1326
      1282
      1325
      1285
      1299
      1305
      1333
      1294
      1282
      1352
      1364
      1331
      1330
      1320
      1354
      1319
      1340
      1346
      1364
      1349
      1304
      1326
      1287
      1373
      1296
      1321
      1299
      1368
      1264
      1383
      1387
      1350
      1439
      1361
      1380
      1350
      1336
      1361
      1332
      1321
      1325
      1376
      1349
      1388
      1338
      1399
      1376
      1419
      1309
      1319
      1379
      1395
      1342
      1328
      1336
      1311
      1406
      1402
      1432
      1305
      1374
      1365
      1409
      1417
      1388
      1342
      1308
      1330
      1388
      1414
      1388
      1326
      1384
      1363
      1313
      1286
      1272
      1305
      1355
      1306
      1302
      1385
      1280
      1329
      1297
      1259
      1317
      1337
      1239
      1270
      1293
      1236
      1220
      1282
      1246
      1171
      1267
      1236
      1245
      1200
      1193
      1149
      1143
      1248
      1155
      1170
      1149
      1155
      1120
      1139
      1130
      1132
      1080
      1083
      1083
      1032
      1089
      1094
      1147
      1070
      1045
      1095
      1099
      1092
      1054
      1005
      1038
      1040
      1030
      1037
       959
      1018
       994
      1052
      1008
       994
       966
       942
      1013
       939
       959
      1026
       975
       928
       952
       967
       916
       983
       913
       949
       915
       918
       975
       898
       908
       931
       959
       843
       913
       908
       912
       852
       932
       902
       886
       892
       850
       873
       907
       898
       865
       933
       853
       855
       895
       918
       931
       905
       878
       902
       899
       885
       889
       893
       922
       871
       861
       885
       900
       942
       846
       895
       861
       920
       898
       910
       901
       800
       903
       851
       900
       863
       878
       895
       908
       896
       869
       880
       893
       818
       890
       820
       808
       851
       868
       884
       856
       835
       845
       792
       888
       873
       833
       785
       804
       818
       840
       812
       813
       803
       821
       817
       874
       866
       810
       855
       810
       843
       875
       865
       844
       837
       839
       902
       899
       922
       910
       908
       931
       918
       965
       963
      1029
      1009
      1066
      1036
      1075
      1169
      1141
      1170
      1149
      1226
      1338
      1317
      1393
      1432
      1462
      1552
      1668
      1651
      1688
      1785
      1872
      1908
      1992
      2142
      2071
      2219
      2303
      2420
      2459
      2629
      2600
      2714
      2820
      2925
      2919
      3139
      3202
      3296
      3344
      3322
      3507
      3586
      3670
      3787
      3841
      3863
      3965
      3990
      4020
      4039
      4232
      4120
      4264
      4339
      4226
      4379
      4391
      4476
      4315
      4375
      4283
      4353
      4326
      4437
      4264
      4378
      4201
      4149
      4111
      4120
      4052
      4059
      3908
      3922
      3750
      3733
      3528
      3630
      3373
      3331
      3222
      3174
      3074
      2904
      2832
      2765
      2638
      2665
      2575
      2387
      2280
      2183
      2120
      2045
      1982
      1876
      1756
      1706
      1677
      1554
      1461
      1389
      1317
      1222
      1227
      1122
      1084
       999
       952
       895
       854
       797
       766
       690
       697
       622
       602
       578
       502
       498
       468
       461
       414
       405
       381
       375
       370
       330
       303
       293
       256
       248
       266
       261
       254
       261
       242
       256
       253
       272
       229
       234
       289
       280
       322
       265
       296
       318
       278
       334
       345
       375
       335
       383
       407
       405
       453
       443
       472
       542
       558
       560
       605
       654
       697
       715
       769
       843
       843
       933
       966
       998
       952
      1131
      1176
      1177
      1339
      1319
      1386
      1483
      1479
      1573
      1609
      1743
      1809
      1828
      1881
      2026
      2112
      2162
      2115
      2352
      2453
      2529
      2519
      2457
      2734
      2745
      2785
      2924
      2851
      2891
      3091
      3112
      3164
      3261
      3231
      3424
      3445
      3267
      3387
      3457
      3397
      3509
      3574
      3649
      3576
      3631
      3550
      3615
      3688
      3520
      3626
      3669
      3485
      3564
      3458
      3383
      3443
      3289
      3299
      3343
      3274
      3207
      3166
      2971
      3033
      3014
      2825
      2728
      2760
      2673
      2693
      2538
      2530
      2362
      2378
      2337
      2075
      2189
      1947
      1944
      1887
      1844
      1734
      1663
      1550
      1441
      1439
      1360
      1301
      1293
      1151
      1103
      1089
       941
       937
       888
       826
       800
       733
       711
       649
       591
       595
       505
       501
       435
       432
       420
       382
       333
       303
       285
       295
       259
       233
       230
       241
       201
       167
       167
       141
       151
       126
       102
       113
       107
        78
        58
        63
        56
        72
        69
        55
        44
        45
        35
        40
        41
        28
        19
        26
        26
        21
        24
        16
        13
        15
         6
        11
        12
         7
        16
         7
        10
         7
         8
         7
        13
         8
         6
         8
         7
         8
         4
         6
         3
         5
         7
         7
         6
         5
         7
         6
         6
         3
         6
         5
         8
         1
         9
         6
         7
         5
         5
         8
        12
         6
         5
         8
         6
         7
         9
        10
         8
         7
         7
         4
         6
         4
         6
         7
         6
         4
         6
         7
         4
         4
        11
         4
         7
         6
         3
         5
         9
        10
         8
         7
         5
         2
         5
         4
         4
         7
         5
         8
         4
        10
         4
        10
         5
         4
         8
         8
         8
         5
         4
         5
         4
         2
         3
         7
         3
         6
         6
         1
         5
         5
         4
         6
         3
         5
         5
         8
         3
         4
         7
         2
         4
         8
         9
         3
         9
         7
         2
         5
         4
         7
         6
         6
         8
         4
         8
         6
         6
         4
         3
         7
         3
         6
         7
         9
         4
         4
         5
         6
         2
         2
         8
         4
         5
         4
         5
         8
         6
         6
         4
         3
         5
         8
         6
         3
         2
         6
         3
         8
         4
         8
         8
         3
         4
         1
         3
         4
         4
         5
         4
         5
         8
         9
         4
         4
         5
         7
         3
         7
         2
         5
         8
         4
         4
         5
         1
         3
         5
         4
         4
         3
         5
         3
         3
         5
         4
         4
         3
         7
         4
         4
         7
         3
         3
         6
         6
         3
         3
         3
         1
         4
         6
         4
         6
         2
         7
         4
         5
         4
         3
         4
         4
         4
         1
         2
         3
         4
         3
         4
         2
         0
         8
         6
         4
         6
         2
         2
         7
         6
         3
         6
         4
         2
         3
         4
         5
         3
         3
         5
         4
         6
         5
         2
         3
         4
         4
         3
         3
         7
         2
         1
         6
         5
         4
         5
         4
         4
         3
         3
         6
         5
         4
         2
         4
         2
         2
         7
         5
         2
         3
         4
         1
         0
         5
         3
         0
         2
         3
         0
         2
         0
         2
         3
         7
         0
         4
         1
         1
         3
         7
         2
         2
         4
         2
         1
         2
         3
         6
         1
         3
         2
         3
         2
         1
         1
         5
         4
         4
         2
         4
         2
         4
         4
         3
         2
         2
         3
         0
         4
         2
         1
         5
         6
         3
         3
         7
         1
         4
         3
         3
         1
         3
         2
         2
         3
         2
         3
         4
         1
         1
         3
         1
         5
         2
         6
         0
         4
         1
         2
         3
         3
         1
         2
         2
         2
         3
         1
         0
         3
         3
         3
         5
         4
         3
         4
         3
         5
         3
         1
         2
         5
         5
         1
         6
         3
         2
         3
         3
         2
         2
         2
         5
         4
         2
         2
         2
         6
         6
         4
         3
         2
         5
         4
         5
         3
         1
         4
         3
         2
         4
         4
         1
         5
         2
         3
         1
         4
         2
         2
         4
         2
         3
         1
         1
         2
         2
         3
         3
         3
         3
         5
         4
         3
         3
         0
         5
         2
         5
         3
         4
         3
         1
         0
         3
         1
         3
         3
         4
         6
         2
         5
         0
         1
         3
         7
         3
         3
         1
         6
         0
         4
         5
         2
         5
         2
         5
         1
         3
         3
         2
         5
         2
         5
         3
         2
         3
         4
         3
         2
         5
         3
         1
         5
         2
         2
         2
         2
         2
         5
         1
         2
         0
         6
         1
         3
         2
         3
         2
         3
         4
         1
         2
         1
         4
         4
         2
         7
         0
         2
         2
         0
         1
         3
         3
         1
         0
         1
         2
         2
         2
         1
         1
         0
         2
         3
         1
         1
         2
         2
         2
         1
         3
         2
         4
         4
         5
         3
         3
         0
         2
         3
         1
         4
         2
         0
         1
         1
         4
         1
         3
         2
         2
         3
         2
         2
         2
         1
         3
         5
         1
         3
         2
         0
         3
         1
         2
         4
         2
         2
         1
         0
         3
         2
         6
         3
         3
         5
         4
         2
         4
         1
         2
         4
         2
         2
         2
         0
         0
         2
         3
         3
         4
         1
         6
         1
         2
         4
         2
         6
         1
         1
         4
         2
         0
         3
         2
         3
         6
         2
         1
         0
         3
         0
         0
         0
         1
         3
         2
         0
         3
         2
         4
         1
         1
         0
         2
         1
         2
         2
         3
         1
         1
         0
         2
         1
         3
         1
         0
         2
         2
         2
         2
         1
         2
         4
         0
         4
         1
         2
         3
         4
         4
         2
         4
         0
         4
         1
         3
         1
         3
         4
         4
         2
         2
         1
         1
         0
         1
         0
         4
         3
         3
         1
         2
         0
         0
         1
         0
         1
         0
         3
         2
         3
         2
         1
         2
         1
         1
         7
         0
         2
         3
         2
         4
         1
         3
         0
         1
         2
         2
         1
         3
         2
         2
         2
         3
         1
         1
         1
         3
         1
         0
         5
         2
         0
         2
         2
         3
         3
         2
         3
         0
         0
         3
         0
         1
         0
         3
         1
         3
         2
         0
         3
         3
         2
         2
         1
         3
         3
         1
         4
         5
         1
         2
         3
         0
         1
         2
         1
         2
         2
         4
         1
         1
         2
         1
         1
         1
         1
         1
         1
         3
         0
         0
         2
         1
         3
         0
         1
         3
         2
         1
         0
         0
         2
         0
         1
         1
         3
         1
         1
         4
         1
         3
         1
         4
         1
         5
         2
         1
         0
         0
         1
         0
         1
         0
         0
         1
         0
         1
         2
         5
         1
         0
         0
         1
         4
         2
         1
         3
         3
         1
         1
         4
         2
         1
         1
         0
         1
         2
         2
         0
         0
         1
         2
         3
         0
         1
         0
         2
         0
         2
         0
         2
         0
         2
         0
         0
         4
         1
         0
         0
         1
         0
         1
         0
         0
         2
         0
         3
         0
         0
         2
         0
         0
         0
         1
         0
         0
         1
         1
         1
         2
         0
         2
         1
         0
         0
         1
         0
         0
         0
         1
         2
         0
         1
         0
         2
         1
         1
         1
         2
         3
         0
         0
         1
         1
         0
         2
         0
         0
         0
         0
         0
         1
         0
         0
         1
         1
         0
         1
         0
         1
         2
         0
         0
         1
         1
         0
         1
         0
         1
         0
         1
         2
         0
         3
         0
         0
         0
         0
         0
         0
         0
         0
         1
         1
         2
         1
         1
         0
         1
         1
         0
         0
         0
         0
         0
         1
         0
         1
         0
         0
         2
         0
         0
         0
         0
         0
         0
         1
         0
         1
         0
         0
         2
         0
         0
         1
         0
         1
         2
         0
         0
         2
         0
         1
         4
         1
         0
         1
         1
         0
         0
         1
         0
         1
         1
         1
         2
         0
         2
         2
         1
         1
         0
         1
         1
         0
         0
         1
         1
         4
         0
         0
         3
         2
         0
         2
         2
         4
         1
         2
         4
         0
         1
         1
         2
         0
         1
         1
         2
         1
         4
         0
         0
         1
         0
         1
         1
         2
         3
         2
         1
         4
         4
         2
         3
         2
         4
         3
         2
         3
         3
         3
         2
         2
         3
         2
         2
         2
         3
         2
         0
         1
         3
         6
         3
         3
         4
         0
         5
         3
         5
         1
         6
         5
         3
         2
         0
         3
         2
         5
         5
         3
         6
         2
         1
         5
         2
         1
         4
         5
         3
         6
         1
         3
         3
         2
         5
         1
         4
         1
         1
         4
         1
         2
         6
         1
         1
         3
         3
         1
         3
         9
         6
         6
         1
         3
         2
         1
         3
         1
         0
         1
         1
         2
         2
         2
         6
         4
         2
         5
         1
         3
         2
         2
         4
         3
         2
         2
         1
         0
         2
         4
         3
         3
         3
         0
         1
         1
         4
         0
         3
         0
         0
         1
         1
         1
         0
         2
         2
         1
         2
         1
         0
         0
         1
         0
         0
         0
         1
         1
         0
         0
         0
         0
         0
         2
         0
         0
         0
         0
         2
         0
         2
         0
         0
         2
         0
         0
         0
         1
         0
         0
         0
         0
         0
         0
         0
         0
         0
         0
         1
         0
         0
         0
         0
         0
         0
         0
         0
         0
         1
         0
         0
         0
         0
         0
         0
         0
         0
         0
         0
         0
         0
         0
         0
         0
         0
         0
         0
         0
         0
         0
         0
         0
         0
         0
         0
         0
         0
         0
         0
         0
         0
         0
         0
         0
         0
         0
         0
         0
         0
         0
         0
         0
         0
         0
         0
         0
         0
         0
         0
         0
         0
         0
         0
         0
         0
         0
         0
         0
         0
         0
         0
         0
         0
         0
         0
         0
         0
         0
         0
         0
         0
         0
         0
         0
         0
         0
         0
         0
         0
         0
         0
         0
         0
         0
         0
         0
         0
         0
         0
         0
         0
         0
         0
         0
         0
         0
         0
         0
         0
         0
         0
         0
         0
         0
         0
         0
         0
         0
         0
         0
         0
         0
         0
         0
         0
         0
         0
         0
         0
         0
         0
         0
         0
         0
         0
         0
         0
         0
         0
         0
         0
         0
         0
         0
         0
         0
         0
         0
         0
         0
         0
         0
         0
         0
         0
         0
         0
         0
         0
         0
         0
         0
         0
         0
         0
         0
         0
         0
         0
         0
         0
         0
         0
         0
         0
         0
         0
         0
         0
         0
         0
         0
         0
         0
         0
         0
         0
         0
         0
         0
         0
         0
         0
         0
         0
         0
         0
         0
         0
         0
         0
         0
         0
         0
         0
         0
         0
         0
         0
         0
         0
         0
         0
         0
         0
         0
         0
         0
         0
         0
         0
         0
         0
         0
         0
         0
         0
         0
         0
         0
         0
         0
         0
         0
         0
         0
         0
         0
         0
         0
         0
         0
         0
         0
         0
         0
         0
         0
         0
         0
         0
         0
         0
         0
         0
         0
         0
         0
         0
         0
         0
         0
         0
         0
         0
         0
         0
         0
         0
         0
         0
         0
         0
         0
         0
         0
         0
         0
         0
         0
         0
         0
         0
         0
         0
         0
         0
         0
         0
         0
         0
         0
         0
         0
         0
         0
         0
         0
         0
         0
         0
         0
         0
         0
         0
         0
         0
         0
         0
         0
         0
         0
         0
         0
         0
         0
         0
         0
         0
         0
         0
         0
         0
         0
         0
         0
         0
         0
         0
         0
         0
         0
         0
         0
         0
         0
         0
         0
         0
         0
         0
         0
         0
         0
         0
         0
         0
         0
         0
         0
         0
         0
         0
         0
         0
         0
         0
         0
         0
         0
         0
         0
         0
         0
         0
         0
         0
         0
         0
         0
         0
         0
         0
         0
         0
         0
         0
         0
         0
         0
         0
         0
         0
