         0
         0
         0
         0
         0
         0
         0
         0
         0
         0
      1450
      1408
      1307
      1338
      1383
      1395
      1350
      1356
      1298
      1214
      1202
      1216
      1208
      1398
      1594
      2056
      2886
      4307
      6509
      9028
     11733
     13775
     13770
     12860
     10720
      8396
      6298
      4715
      3685
      2845
      2295
      1909
      1580
      1388
      1382
      1330
      1275
      1284
      1277
      1234
      1260
      1284
      1329
      1357
      1271
      1262
      1258
      1257
      1247
      1284
      1210
      1202
      1170
      1222
      1205
      1148
      1129
      1172
      1215
      1151
      1228
      1200
      1188
      1244
      1239
      1179
      1203
      1258
      1241
      1185
      1233
      1227
      1239
      1172
      1210
      1237
      1265
      1145
      1255
      1168
      1284
      1267
      1209
      1251
      1212
      1155
      1192
      1216
      1169
      1163
      1228
      1129
      1095
      1131
      1138
      1199
      1250
      1167
      1172
      1223
      1236
      1197
      1215
      1226
      1160
      1162
      1159
      1239
      1207
      1098
      1137
      1209
      1163
      1171
      1253
      1229
      1220
      1188
      1209
      1133
      1135
      1208
      1165
      1222
      1199
      1172
      1204
      1190
      1173
      1188
      1179
      1165
      1142
      1144
      1200
      1277
      1206
      1155
      1153
      1196
      1168
      1191
      1226
      1211
      1246
      1223
      1165
      1189
      1163
      1206
      1198
      1242
      1182
      1210
      1232
      1175
      1168
      1221
      1308
      1187
      1233
      1263
      1199
      1265
      1263
      1273
      1311
      1236
      1363
      1347
      1320
      1341
      1437
      1379
      1403
      1395
      1413
      1409
      1433
      1485
      1482
      1532
      1497
      1457
      1532
      1550
      1545
      1597
      1577
      1571
      1503
      1531
      1511
      1494
      1471
      1494
      1419
      1520
      1476
      1501
      1455
      1477
      1501
      1453
      1410
      1467
      1458
      1427
      1398
      1467
      1442
      1388
      1406
      1352
      1374
      1406
      1350
      1439
      1441
      1397
      1353
      1335
      1396
      1329
      1391
      1357
      1373
      1411
      1409
      1417
      1363
      1399
      1399
      1401
      1363
      1349
      1391
      1398
      1310
      1370
      1370
      1336
      1345
      1382
      1314
      1350
      1365
      1345
      1353
      1320
      1365
      1370
      1308
      1284
      1300
      1297
      1354
      1346
      1297
      1304
      1357
      1344
      1332
      1382
      1329
      1369
      1297
      1319
      1292
      1343
      1354
      1335
      1332
      1282
      1325
      1266
      1306
      1314
      1246
      1298
      1423
      1343
      1317
      1354
      1335
      1313
      1316
      1312
      1289
      1239
      1369
      1359
      1319
      1315
      1320
      1348
      1279
      1367
      1312
      1279
      1379
      1344
      1342
      1265
      1338
      1313
      1332
      1329
      1246
      1347
      1326
      1303
      1295
      1342
      1333
      1292
      1356
      1336
      1291
      1315
      1315
      1293
      1308
      1326
      1240
      1287
      1278
      1252
      1306
      1272
      1226
      1241
      1314
      1241
      1253
      1284
      1319
      1232
      1235
      1253
      1258
      1250
      1321
      1312
      1301
      1249
      1316
      1257
      1277
      1331
      1323
      1317
      1337
      1239
      1299
      1209
      1262
      1334
      1279
      1348
      1339
      1321
      1335
      1251
      1310
      1274
      1377
      1248
      1299
      1301
      1367
      1345
      1324
      1264
      1312
      1318
      1322
      1331
      1319
      1334
      1304
      1322
      1299
      1376
      1314
      1320
      1307
      1321
      1294
      1371
      1352
      1319
      1377
      1308
      1343
      1342
      1325
      1356
      1404
      1382
      1367
      1371
      1349
      1392
      1369
      1379
      1371
      1325
      1327
      1349
      1440
      1392
      1395
      1421
      1413
      1375
      1381
      1438
      1384
      1392
      1401
      1454
      1369
      1453
      1457
      1434
      1402
      1453
      1471
      1391
      1466
      1485
      1426
      1366
      1434
      1476
      1452
      1450
      1400
      1384
      1410
      1423
      1409
      1468
      1443
      1445
      1365
      1442
      1426
      1332
      1410
      1303
      1329
      1342
      1342
      1320
      1299
      1290
      1321
      1144
      1190
      1183
      1145
      1116
      1153
      1142
      1029
      1051
       996
       966
       990
       974
       906
       899
       891
       877
       847
       838
       754
       758
       704
       703
       696
       663
       686
       655
       627
       589
       620
       596
       516
       562
       561
       514
       557
       494
       524
       529
       479
       440
       468
       450
       434
       456
       447
       405
       387
       400
       375
       399
       366
       404
       377
       372
       340
       378
       321
       322
       343
       343
       357
       296
       354
       353
       326
       333
       323
       318
       296
       298
       311
       315
       300
       309
       247
       307
       303
       322
       300
       271
       303
       261
       305
       317
       256
       273
       262
       259
       259
       288
       259
       251
       264
       266
       295
       269
       271
       245
       240
       259
       253
       248
       265
       237
       284
       251
       219
       228
       254
       245
       257
       243
       226
       221
       227
       243
       204
       219
       244
       209
       208
       222
       246
       238
       236
       250
       266
       211
       240
       253
       319
       289
       320
       305
       312
       338
       350
       426
       482
       489
       523
       572
       634
       735
       766
       828
       896
      1039
      1081
      1309
      1464
      1555
      1679
      1878
      2211
      2421
      2686
      2940
      3124
      3496
      3793
      4065
      4473
      4917
      5200
      5542
      6011
      6547
      7093
      7440
      7892
      8556
      9075
      9461
     10064
     10399
     10784
     11527
     11994
     12395
     12783
     13063
     13317
     13671
     14151
     14400
     14672
     14969
     15235
     15160
     15248
     15176
     15327
     15207
     15116
     15235
     14695
     14743
     14259
     14074
     13697
     12966
     12846
     12428
     11973
     11603
     11139
     10585
     10202
      9524
      9038
      8545
      8019
      7660
      7258
      6658
      6023
      5806
      5186
      4936
      4435
      4043
      3648
      3442
      3103
      2773
      2396
      2275
      1984
      1797
      1591
      1407
      1262
      1122
       974
       889
       808
       685
       581
       491
       425
       385
       324
       289
       282
       218
       183
       177
       101
       108
        82
        77
        71
        60
        43
        29
        33
        21
        17
        18
        18
        16
        11
        11
         2
         8
         6
         6
         6
         3
         5
         1
         1
         2
         1
         3
         0
         2
         2
         1
         1
         0
         0
         0
         0
         0
         0
         1
         0
         1
         0
         0
         0
         0
         1
         1
         0
         0
         0
         1
         0
         0
         0
         0
         0
         0
         0
         0
         0
         0
         0
         1
         0
         0
         0
         0
         0
         0
         1
         0
         0
         0
         0
         0
         0
         0
         0
         0
         0
         0
         0
         0
         0
         0
         0
         0
         0
         0
         0
         0
         0
         0
         0
         0
         0
         0
         0
         0
         0
         0
         0
         1
         0
         0
         0
         0
         1
         1
         0
         0
         1
         1
         0
         0
         0
         0
         1
         0
         2
         0
         2
         0
         0
         0
         0
         0
         0
         0
         0
         0
         0
         0
         0
         1
         0
         1
         1
         1
         0
         0
         0
         1
         0
         0
         0
         0
         0
         0
         0
         0
         0
         0
         0
         0
         0
         0
         0
         0
         0
         0
         0
         0
         0
         0
         0
         0
         0
         0
         0
         0
         0
         0
         0
         0
         0
         0
         0
         0
         0
         0
         0
         0
         0
         0
         0
         0
         0
         0
         0
         0
         0
         0
         0
         0
         0
         0
         0
         0
         0
         0
         0
         0
         0
         0
         0
         0
         0
         0
         0
         0
         0
         0
         0
         0
         0
         0
         0
         0
         0
         0
         0
         0
         0
         0
         0
         0
         0
         0
         0
         0
         0
         0
         0
         0
         0
         0
         0
         0
         0
         0
         0
         0
         0
         0
         0
         0
         0
         0
         0
         0
         0
         0
         0
         0
         0
         0
         0
         0
         0
         0
         0
         0
         0
         0
         0
         0
         0
         0
         0
         0
         0
         0
         0
         0
         0
         0
         0
         0
         0
         0
         0
         0
         0
         0
         0
         0
         0
         0
         0
         0
         0
         0
         0
         0
         0
         0
         0
         0
         0
         0
         0
         0
         0
         0
         0
         0
         0
         0
         0
         0
         0
         0
         0
         0
         0
         0
         0
         0
         0
         0
         0
         0
         0
         0
         0
         0
         0
         0
         0
         0
         0
         0
         0
         0
         0
         0
         0
         0
         0
         0
         0
         0
         0
         0
         0
         0
         0
         0
         0
         0
         0
         0
         0
         0
         0
         0
         0
         0
         0
         0
         0
         0
         0
         0
         0
         0
         0
         0
         0
         0
         0
         0
         0
         0
         0
         0
         0
         0
         0
         0
         0
         0
         0
         0
         0
         0
         0
         0
         0
         0
         0
         0
         0
         0
         0
         0
         0
         0
         0
         0
         0
         0
         0
         0
         0
         0
         0
         0
         0
         0
         0
         0
         0
         0
         0
         0
         0
         0
         0
         0
         0
         0
         0
         0
         0
         0
         0
         0
         0
         0
         0
         0
         0
         0
         0
         0
         0
         0
         0
         0
         0
         0
         0
         0
         0
         0
         0
         0
         0
         0
         0
         0
         0
         0
         0
         0
         0
         0
         0
         0
         0
         0
         0
         0
         0
         0
         0
         0
         0
         0
         0
         0
         0
         0
         0
         0
         0
         0
         0
         0
         0
         0
         0
         0
         0
         0
         0
         0
         0
         0
         0
         0
         0
         0
         0
         0
         0
         0
         0
         0
         0
         0
         0
         0
         0
         0
         0
         0
         0
         0
         0
         0
         0
         0
         0
         0
         0
         0
         0
         0
         0
         0
         0
         0
         0
         0
         0
         0
         0
         0
         0
         0
         0
         0
         0
         0
         0
         0
         0
         0
         0
         0
         0
         0
         0
         0
         0
         0
         0
         0
         0
         0
         0
         0
         0
         0
         0
         0
         0
         0
         0
         0
         0
         0
         0
         0
         0
         0
         0
         0
         0
         0
         0
         0
         0
         0
         0
         0
         0
         0
         0
         0
         0
         0
         0
         0
         0
         0
         0
         0
         0
         0
         0
         0
         0
         0
         0
         0
         0
         0
         0
         0
         0
         0
         0
         0
         0
         0
         0
         0
         0
         0
         0
         0
         0
         0
         0
         0
         0
         0
         0
         0
         0
         0
         0
         0
         0
         0
         0
         0
         0
         0
         0
         0
         0
         0
         0
         0
         0
         0
         0
         0
         0
         0
         0
         0
         0
         0
         0
         0
         0
         0
         0
         0
         0
         0
         0
         0
         0
         0
         0
         0
         0
         0
         0
         0
         0
         0
         0
         0
         0
         0
         0
         0
         0
         0
         0
         0
         0
         0
         0
         0
         0
         0
         0
         0
         0
         0
         0
         0
         0
         0
         0
         0
         0
         0
         0
         0
         0
         0
         0
         0
         0
         0
         0
         0
         0
         0
         0
         0
         0
         0
         0
         0
         0
         0
         0
         0
         0
         0
         0
         0
         0
         0
         0
         0
         0
         0
         0
         0
         0
         0
         0
         0
         0
         0
         0
         0
         0
         0
         0
         0
         0
         0
         0
         0
         0
         0
         0
         0
         0
         0
         0
         0
         0
         0
         0
         0
         0
         0
         0
         0
         0
         0
         0
         0
         0
         0
         0
         0
         0
         0
         0
         0
         0
         0
         0
         0
         0
         0
         0
         0
         0
         0
         0
         0
         0
         0
         0
         0
         0
         0
         0
         0
         0
         0
         0
         0
         0
         0
         0
         0
         0
         0
         0
         0
         0
         0
         0
         0
         0
         0
         0
         0
         0
         0
         0
         0
         0
         0
         0
         0
         0
         0
         0
         0
         0
         0
         0
         0
         0
         0
         0
         0
         0
         0
         0
         0
         0
         0
         0
         0
         0
         0
         0
         0
         0
         0
         0
         0
         0
         0
         0
         0
         0
         0
         0
         0
         0
         0
         0
         0
         0
         0
         0
         0
         0
         0
         0
         0
         0
         0
         0
         0
         0
         0
         0
         0
         0
         0
         0
         0
         0
         0
         0
         0
         0
         0
         0
         0
         0
         0
         0
         0
         0
         0
         0
         0
         0
         0
         0
         0
         0
         0
         0
         0
         0
         0
         0
         0
         0
         0
         0
         0
         0
         0
         0
         0
         0
         0
         0
         0
         0
         0
         0
         0
         0
         0
         0
         0
         0
         0
         0
         0
         0
         0
         0
         0
         0
         0
         0
         0
         0
         0
         0
         0
         0
         0
         0
         0
         0
         0
         0
         0
         0
         0
         0
         0
         0
         0
         0
         0
         0
         0
         0
         0
         0
         0
         0
         0
         0
         0
         0
         0
         0
         0
         0
         0
         0
         0
         0
         0
         0
         0
         0
         0
         0
         0
         0
         0
         0
         0
         0
         0
         0
         0
         0
         0
         0
         0
         0
         0
         0
         0
         0
         0
         0
         0
         0
         0
         0
         0
         0
         0
         0
         0
         0
         0
         0
         0
         0
         0
         0
         0
         0
         0
         0
         0
         0
         0
         0
         0
         0
         0
         0
         0
         0
         0
         0
         0
         0
         0
         0
         0
         0
         0
         0
         0
         0
         0
         0
         0
         0
         0
         0
         0
         0
         0
         0
         0
         0
         0
         0
         0
         0
         0
         0
         0
         0
         0
         0
         0
         0
         0
         0
         0
         0
         0
         0
         0
         0
         0
         0
         0
         0
         0
         0
         0
         0
         0
         0
         0
         0
         0
         0
         0
         0
         0
         0
         0
         0
         0
         0
         0
         0
         0
         0
         0
         0
         0
         0
         0
         0
         0
         0
         0
         0
         0
         0
         0
         0
         0
         0
         0
         0
         0
         0
         0
         0
         0
         0
         0
         0
         0
         0
         0
         0
         0
         0
         0
         0
         0
         0
         0
         0
         0
         0
         0
         0
         0
         0
         0
         0
         0
         0
         0
         0
         0
         0
         0
         0
         0
         0
         0
         0
         0
         0
         0
         0
         0
         0
         0
         0
         0
         0
         0
         0
         0
         0
         0
         0
         0
         0
         0
         0
         0
         0
         0
         0
         0
         0
         0
         0
         0
         0
         0
         0
         0
         0
         0
         0
         0
         0
         0
         0
         0
         0
         0
         0
         0
         0
         0
         0
         0
         0
         0
         0
         0
         0
         0
         0
         0
         0
         0
         0
         0
         0
         0
         0
         0
         0
         0
         0
         0
         0
         0
         0
         0
         0
         0
         0
         0
         0
         0
         0
         0
         0
         0
         0
         0
         0
         0
         0
         0
         0
         0
         0
         0
         0
         0
         0
         0
         0
         0
         0
         0
         0
         0
         0
         0
         0
         0
         0
         0
         0
         0
         0
         0
         0
         0
         0
         0
         0
         0
         0
         0
         0
         0
         0
         0
         0
         0
         0
         0
         0
         0
         0
         0
         0
         0
         0
         0
         0
         0
         0
         0
         0
         0
         0
         0
         0
         0
         0
         0
         0
         0
         0
         0
         0
         0
         0
         0
         0
         0
         0
         0
         0
         0
         0
         0
         0
         0
         0
         0
         0
         0
         0
         0
         0
         0
         0
         0
         0
         0
         0
         0
         0
         0
         0
         0
         0
         0
         0
         0
         0
         0
         0
         0
         0
         0
         0
         0
         0
         0
         0
         0
         0
         0
         0
         0
         0
         0
         0
         0
         0
         0
         0
         0
         0
         0
         0
         0
         0
         0
         0
         0
         0
         0
         0
         0
         0
         0
         0
         0
         0
         0
         0
         0
         0
         0
         0
         0
         0
         0
         0
         0
         0
         0
         0
         0
         0
         0
         0
         0
         0
         0
         0
         0
         0
         0
         0
         0
         0
         0
         0
         0
         0
         0
         0
         0
         0
         0
         0
         0
         0
         0
         0
         0
         0
         0
         0
         0
         0
         0
         0
         0
         0
         0
         0
         0
         0
         0
         0
         0
         0
         0
         0
         0
         0
         0
         0
         0
         0
         0
         0
         0
         0
         0
         0
         0
         0
         0
         0
         0
         0
         0
         0
         0
         0
         0
         0
         0
         0
         0
         0
         0
         0
         0
         0
         0
         0
         0
         0
         0
         0
         0
         0
         0
         0
         0
         0
         0
         0
         0
         0
         0
         0
         0
         0
         0
         0
         0
         0
         0
         0
         0
         0
         0
         0
         0
         0
         0
         0
         0
         0
         0
         0
         0
         0
         0
         0
         0
         0
         0
         0
         0
         0
         0
         0
         0
         0
         0
         0
         0
         0
         0
         0
         0
         0
         0
         0
         0
         0
         0
         0
         0
         0
         0
         0
         0
         0
         0
         0
         0
         0
         0
         0
         0
         0
         0
         0
         0
         0
         0
         0
         0
         0
         0
         0
         0
         0
         0
         0
         0
         0
         0
         0
         0
         0
         0
         0
         0
         0
         0
         0
         0
         0
         0
         0
         0
         0
         0
         0
         0
         0
         0
         0
         0
         0
         0
         0
         0
         0
         0
         0
         0
         0
         0
         0
         0
         0
         0
         0
         0
         0
         0
         0
         0
         0
         0
         0
         0
         0
         0
         0
         0
         0
         0
         0
         0
         0
         0
         0
         0
         0
         0
         0
         0
         0
         0
         0
         0
         0
         0
         0
         0
         0
         0
         0
         0
         0
         0
         0
         0
         0
         0
         0
         0
         0
         0
         0
         0
         0
         0
         0
         0
         0
         0
         0
         0
         0
         0
         0
         0
         0
         0
         0
         0
         0
         0
         0
         0
         0
         0
         0
         0
         0
         0
         0
         0
         0
         0
         0
         0
         0
         0
         0
         0
         0
         0
         0
         0
         0
         0
         0
         0
         0
         0
         0
         0
         0
         0
         0
         0
         0
         0
         0
         0
         0
         0
         0
         0
         0
         0
         0
         0
         0
         0
         0
         0
         0
         0
         0
         0
         0
         0
         0
         0
         0
         0
         0
         0
         0
         0
         0
         0
         0
         0
         0
         0
         0
         0
         0
         0
         0
         0
         0
         0
         0
         0
         0
         0
         0
         0
         0
         0
         0
         0
         0
         0
         0
         0
         0
         0
         0
         0
         0
         0
         0
         0
         0
         0
         0
         0
         0
         0
         0
         0
         0
         0
         0
         0
         0
         0
         0
         0
         0
         0
         0
         0
         0
         0
         0
         0
         0
         0
         0
         0
         0
         0
         0
         0
         0
         0
         0
         0
         0
         0
         0
         0
         0
         0
         0
         0
         0
         0
         0
         0
         0
         0
         0
         0
         0
         0
         0
         0
         0
         0
         0
         0
         0
         0
         0
         0
         0
         0
         0
         0
         0
         0
         0
         0
         0
         0
         0
         0
         0
         0
         0
         0
         0
         0
         0
         0
         0
         0
         0
         0
         0
         0
         0
         0
         0
         0
         0
         0
         0
         0
         0
         0
         0
         0
         0
         0
         0
         0
         0
         0
         0
         0
         0
         0
         0
         0
         0
         0
         0
         0
         0
         0
         0
         0
         0
         0
         0
         0
         0
         0
         0
         0
         0
         0
         0
         0
         0
         0
         0
         0
         0
         0
         0
         0
         0
         0
         0
         0
         0
         0
         0
         0
         0
         0
         0
         0
         0
         0
         0
         0
         0
         0
         0
         0
         0
         0
         0
         0
         0
         0
         0
         0
         0
         0
         0
         0
         0
         0
         0
         0
         0
         0
         0
         0
         0
         0
         0
         0
         0
         0
         0
         0
         0
         0
         0
         0
         0
         0
         0
         0
         0
         0
         0
         0
         0
         0
         0
         0
         0
         0
         0
         0
         0
         0
         0
         0
         0
         0
         0
         0
         0
         0
         0
         0
         0
         0
         0
         0
         0
         0
         0
         0
         0
         0
         0
         0
         0
         0
         0
         0
         0
         0
         0
         0
         0
         0
         0
         0
         0
         0
         0
         0
         0
         0
         0
         0
         0
         0
         0
         0
         0
         0
         0
         0
         0
         0
         0
         0
         0
         0
         0
         0
         0
         0
         0
         0
         0
         0
         0
         0
         0
         0
         0
         0
         0
         0
         0
         0
         0
         0
         0
         0
         0
         0
         0
         0
         0
         0
         0
         0
         0
         0
         0
         0
         0
         0
         0
         0
         0
         0
         0
         0
         0
         0
         0
         0
         0
         0
         0
         0
         0
         0
         0
         0
         0
         0
         0
         0
         0
         0
         0
         0
         0
         0
         0
         0
         0
         0
         0
         0
         0
         0
         0
         0
         0
         0
         0
         0
         0
         0
         0
         0
         0
         0
         0
         0
         0
         0
         0
         0
         0
         0
         0
         0
         0
         0
         0
         0
         0
         0
         0
         0
         0
         0
         0
         0
         0
         0
         0
         0
         0
         0
         0
         0
         0
         0
         0
         0
         0
         0
         0
         0
         0
         0
         0
         0
         0
         0
         0
         0
         0
         0
         0
         0
         0
         0
         0
         0
         0
         0
         0
         0
         0
         0
         0
         0
         0
         0
         0
         0
         0
         0
         0
         0
         0
         0
         0
         0
         0
         0
         0
         0
         0
         0
         0
         0
         0
         0
         0
         0
         0
         0
         0
         0
         0
         0
         0
         0
         0
         0
         0
         0
         0
         0
         0
         0
         0
         0
         0
         0
         0
         0
         0
         0
         0
         0
         0
         0
         0
         0
         0
         0
         0
         0
         0
         0
         0
         0
         0
         0
         0
         0
         0
         0
         0
         0
         0
         0
         0
         0
         0
