         0
         0
         0
         0
         0
         0
         0
         0
         0
         0
      1186
      1072
      1076
      1136
      1054
      1142
      1176
      1131
      1087
      1072
      1135
      1163
      1156
      1136
      1173
      1261
      1484
      1887
      2246
      2904
      3463
      4060
      4098
      3951
      3576
      3097
      2723
      2143
      2045
      1804
      1638
      1525
      1389
      1365
      1383
      1368
      1316
      1347
      1376
      1415
      1339
      1353
      1302
      1314
      1319
      1329
      1354
      1318
      1333
      1315
      1225
      1287
      1295
      1357
      1305
      1221
      1312
      1212
      1295
      1298
      1141
      1204
      1245
      1195
      1246
      1248
      1260
      1251
      1227
      1219
      1214
      1213
      1253
      1271
      1253
      1190
      1198
      1304
      1250
      1248
      1256
      1227
      1206
      1241
      1217
      1279
      1195
      1306
      1275
      1201
      1281
      1210
      1280
      1199
      1245
      1172
      1212
      1278
      1194
      1218
      1250
      1282
      1151
      1231
      1195
      1273
      1204
      1218
      1200
      1303
      1206
      1156
      1193
      1131
      1204
      1209
      1170
      1224
      1195
      1218
      1210
      1182
      1183
      1239
      1153
      1262
      1165
      1176
      1230
      1191
      1221
      1157
      1209
      1183
      1244
      1205
      1236
      1190
      1203
      1235
      1247
      1181
      1245
      1161
      1197
      1240
      1232
      1206
      1186
      1226
      1245
      1178
      1239
      1226
      1237
      1245
      1243
      1230
      1250
      1291
      1356
      1278
      1278
      1318
      1341
      1350
      1343
      1405
      1346
      1415
      1424
      1423
      1473
      1425
      1513
      1500
      1466
      1564
      1511
      1627
      1552
      1542
      1500
      1608
      1699
      1577
      1612
      1599
      1588
      1631
      1605
      1620
      1591
      1615
      1576
      1460
      1601
      1512
      1504
      1480
      1528
      1560
      1473
      1545
      1459
      1503
      1514
      1426
      1436
      1453
      1570
      1519
      1553
      1481
      1453
      1443
      1525
      1482
      1439
      1472
      1492
      1421
      1532
      1473
      1463
      1521
      1423
      1360
      1467
      1414
      1485
      1362
      1397
      1408
      1424
      1432
      1383
      1414
      1437
      1411
      1443
      1375
      1418
      1422
      1429
      1427
      1425
      1362
      1383
      1355
      1417
      1317
      1331
      1352
      1278
      1374
      1367
      1371
      1421
      1386
      1305
      1324
      1389
      1338
      1406
      1315
      1373
      1444
      1316
      1380
      1382
      1320
      1388
      1365
      1389
      1382
      1385
      1368
      1368
      1369
      1422
      1371
      1402
      1368
      1368
      1382
      1450
      1353
      1298
      1375
      1347
      1396
      1378
      1298
      1388
      1427
      1315
      1401
      1346
      1333
      1394
      1330
      1371
      1340
      1387
      1341
      1262
      1403
      1357
      1321
      1335
      1354
      1362
      1389
      1348
      1382
      1372
      1305
      1333
      1405
      1369
      1311
      1363
      1451
      1317
      1451
      1402
      1342
      1320
      1359
      1308
      1364
      1289
      1359
      1368
      1325
      1288
      1361
      1243
      1381
      1330
      1316
      1342
      1275
      1331
      1274
      1307
      1285
      1334
      1333
      1313
      1249
      1272
      1296
      1304
      1264
      1304
      1239
      1272
      1236
      1288
      1282
      1277
      1272
      1286
      1266
      1294
      1327
      1261
      1310
      1363
      1226
      1269
      1331
      1333
      1371
      1330
      1297
      1279
      1352
      1348
      1268
      1269
      1354
      1348
      1342
      1362
      1375
      1397
      1349
      1411
      1387
      1381
      1344
      1323
      1408
      1392
      1397
      1376
      1377
      1426
      1287
      1402
      1372
      1437
      1434
      1433
      1451
      1392
      1407
      1479
      1424
      1440
      1433
      1361
      1438
      1443
      1442
      1490
      1478
      1413
      1450
      1451
      1508
      1509
      1524
      1481
      1422
      1534
      1513
      1584
      1483
      1471
      1456
      1523
      1521
      1505
      1492
      1520
      1481
      1491
      1465
      1472
      1501
      1461
      1424
      1498
      1407
      1428
      1455
      1371
      1416
      1397
      1347
      1397
      1405
      1305
      1346
      1268
      1255
      1214
      1244
      1205
      1187
      1164
      1115
      1134
      1107
      1053
       993
      1017
       932
       956
       976
       850
       888
       835
       802
       797
       786
       741
       745
       709
       750
       714
       667
       635
       613
       625
       601
       542
       563
       549
       564
       519
       554
       520
       488
       485
       514
       471
       475
       490
       469
       454
       450
       431
       428
       401
       392
       441
       443
       401
       393
       417
       428
       373
       371
       366
       379
       314
       380
       351
       358
       384
       370
       356
       348
       351
       310
       311
       337
       370
       349
       324
       344
       331
       301
       363
       336
       321
       280
       305
       340
       315
       310
       308
       299
       295
       284
       314
       337
       304
       308
       318
       302
       314
       248
       288
       291
       285
       275
       280
       269
       317
       265
       297
       308
       263
       277
       274
       291
       220
       270
       275
       308
       304
       271
       315
       317
       298
       259
       284
       306
       301
       293
       298
       299
       316
       324
       337
       332
       346
       351
       348
       413
       412
       447
       474
       516
       559
       597
       663
       747
       794
       881
       928
      1078
      1159
      1276
      1447
      1601
      1751
      1981
      2128
      2414
      2661
      2918
      3230
      3429
      3792
      4095
      4455
      4864
      5188
      5481
      6055
      6522
      7140
      7508
      7960
      8401
      8925
      9439
      9888
     10357
     10885
     11305
     11682
     12203
     12638
     12883
     13265
     13418
     14210
     14213
     14548
     14831
     14928
     15120
     15130
     15037
     15088
     15046
     14859
     15231
     14610
     14440
     14080
     13922
     13507
     12945
     12599
     12367
     11853
     11232
     10881
     10453
     10008
      9393
      8913
      8233
      7962
      7452
      7161
      6488
      6061
      5708
      5215
      4827
      4292
      3995
      3647
      3400
      3048
      2692
      2401
      2175
      1992
      1834
      1635
      1432
      1243
      1056
       967
       888
       771
       688
       557
       467
       395
       388
       297
       262
       261
       220
       177
       154
       111
       100
        78
        78
        64
        56
        45
        41
        29
        20
        17
        14
        18
        18
        11
         5
         0
         9
         4
         3
         1
         1
         3
         2
         2
         2
         1
         0
         0
         0
         0
         1
         0
         1
         1
         0
         0
         0
         1
         0
         0
         0
         0
         0
         1
         0
         2
         0
         0
         0
         0
         0
         0
         0
         0
         0
         0
         0
         0
         1
         0
         0
         0
         0
         0
         2
         0
         2
         2
         1
         2
         0
         0
         0
         1
         1
         0
         0
         0
         0
         2
         0
         1
         0
         0
         0
         1
         0
         1
         0
         0
         0
         0
         0
         0
         0
         0
         1
         0
         0
         0
         0
         0
         0
         1
         0
         0
         0
         1
         0
         0
         1
         1
         0
         1
         0
         0
         0
         0
         1
         0
         0
         0
         0
         0
         1
         0
         0
         0
         0
         0
         0
         0
         0
         0
         0
         0
         0
         0
         0
         0
         0
         0
         0
         0
         0
         0
         0
         0
         0
         0
         0
         0
         0
         0
         0
         0
         0
         0
         0
         0
         0
         0
         0
         0
         0
         0
         0
         0
         0
         0
         0
         0
         0
         0
         0
         0
         0
         0
         0
         0
         0
         0
         0
         0
         0
         0
         0
         0
         0
         0
         0
         0
         0
         0
         0
         0
         0
         0
         0
         0
         0
         0
         0
         0
         0
         0
         0
         0
         0
         0
         0
         0
         0
         0
         0
         0
         0
         0
         0
         0
         0
         0
         0
         0
         0
         0
         0
         0
         0
         0
         0
         0
         0
         0
         0
         0
         0
         0
         0
         0
         0
         0
         0
         0
         0
         0
         0
         0
         0
         0
         0
         0
         0
         0
         0
         0
         0
         0
         0
         0
         0
         0
         0
         0
         0
         0
         0
         0
         0
         0
         0
         0
         0
         0
         0
         0
         0
         0
         0
         0
         0
         0
         0
         0
         0
         0
         0
         0
         0
         0
         0
         0
         0
         0
         0
         0
         0
         0
         0
         0
         0
         0
         0
         0
         0
         0
         0
         0
         0
         0
         0
         0
         0
         0
         0
         0
         0
         0
         0
         0
         0
         0
         0
         0
         0
         0
         0
         0
         0
         0
         0
         0
         0
         0
         0
         0
         0
         0
         0
         0
         0
         0
         0
         0
         0
         0
         0
         0
         0
         0
         0
         0
         0
         0
         0
         0
         0
         0
         0
         0
         0
         0
         0
         0
         0
         0
         0
         0
         0
         0
         0
         0
         0
         0
         0
         0
         0
         0
         0
         0
         0
         0
         0
         0
         0
         0
         0
         0
         0
         0
         0
         0
         0
         0
         0
         0
         0
         0
         0
         0
         0
         0
         0
         0
         0
         0
         0
         0
         0
         0
         0
         0
         0
         0
         0
         0
         0
         0
         0
         0
         0
         0
         0
         0
         0
         0
         0
         0
         0
         0
         0
         0
         0
         0
         0
         0
         0
         0
         0
         0
         0
         0
         0
         0
         0
         0
         0
         0
         0
         0
         0
         0
         0
         0
         0
         0
         0
         0
         0
         0
         0
         0
         0
         0
         0
         0
         0
         0
         0
         0
         0
         0
         0
         0
         0
         0
         0
         0
         0
         0
         0
         0
         0
         0
         0
         0
         0
         0
         0
         0
         0
         0
         0
         0
         0
         0
         0
         0
         0
         0
         0
         0
         0
         0
         0
         0
         0
         0
         0
         0
         0
         0
         0
         0
         0
         0
         0
         0
         0
         0
         0
         0
         0
         0
         0
         0
         0
         0
         0
         0
         0
         0
         0
         0
         0
         0
         0
         0
         0
         0
         0
         0
         0
         0
         0
         0
         0
         0
         0
         0
         0
         0
         0
         0
         0
         0
         0
         0
         0
         0
         0
         0
         0
         0
         0
         0
         0
         0
         0
         0
         0
         0
         0
         0
         0
         0
         0
         0
         0
         0
         0
         0
         0
         0
         0
         0
         0
         0
         0
         0
         0
         0
         0
         0
         0
         0
         0
         0
         0
         0
         0
         0
         0
         0
         0
         0
         0
         0
         0
         0
         0
         0
         0
         0
         0
         0
         0
         0
         0
         0
         0
         0
         0
         0
         0
         0
         0
         0
         0
         0
         0
         0
         0
         0
         0
         0
         0
         0
         0
         0
         0
         0
         0
         0
         0
         0
         0
         0
         0
         0
         0
         0
         0
         0
         0
         0
         0
         0
         0
         0
         0
         0
         0
         0
         0
         0
         0
         0
         0
         0
         0
         0
         0
         0
         0
         0
         0
         0
         0
         0
         0
         0
         0
         0
         0
         0
         0
         0
         0
         0
         0
         0
         0
         0
         0
         0
         0
         0
         0
         0
         0
         0
         0
         0
         0
         0
         0
         0
         0
         0
         0
         0
         0
         0
         0
         0
         0
         0
         0
         0
         0
         0
         0
         0
         0
         0
         0
         0
         0
         0
         0
         0
         0
         0
         0
         0
         0
         0
         0
         0
         0
         0
         0
         0
         0
         0
         0
         0
         0
         0
         0
         0
         0
         0
         0
         0
         0
         0
         0
         0
         0
         0
         0
         0
         0
         0
         0
         0
         0
         0
         0
         0
         0
         0
         0
         0
         0
         0
         0
         0
         0
         0
         0
         0
         0
         0
         0
         0
         0
         0
         0
         0
         0
         0
         0
         0
         0
         0
         0
         0
         0
         0
         0
         0
         0
         0
         0
         0
         0
         0
         0
         0
         0
         0
         0
         0
         0
         0
         0
         0
         0
         0
         0
         0
         0
         0
         0
         0
         0
         0
         0
         0
         0
         0
         0
         0
         0
         0
         0
         0
         0
         0
         0
         0
         0
         0
         0
         0
         0
         0
         0
         0
         0
         0
         0
         0
         0
         0
         0
         0
         0
         0
         0
         0
         0
         0
         0
         0
         0
         0
         0
         0
         0
         0
         0
         0
         0
         0
         0
         0
         0
         0
         0
         0
         0
         0
         0
         0
         0
         0
         0
         0
         0
         0
         0
         0
         0
         0
         0
         0
         0
         0
         0
         0
         0
         0
         0
         0
         0
         0
         0
         0
         0
         0
         0
         0
         0
         0
         0
         0
         0
         0
         0
         0
         0
         0
         0
         0
         0
         0
         0
         0
         0
         0
         0
         0
         0
         0
         0
         0
         0
         0
         0
         0
         0
         0
         0
         0
         0
         0
         0
         0
         0
         0
         0
         0
         0
         0
         0
         0
         0
         0
         0
         0
         0
         0
         0
         0
         0
         0
         0
         0
         0
         0
         0
         0
         0
         0
         0
         0
         0
         0
         0
         0
         0
         0
         0
         0
         0
         0
         0
         0
         0
         0
         0
         0
         0
         0
         0
         0
         0
         0
         0
         0
         0
         0
         0
         0
         0
         0
         0
         0
         0
         0
         0
         0
         0
         0
         0
         0
         0
         0
         0
         0
         0
         0
         0
         0
         0
         0
         0
         0
         0
         0
         0
         0
         0
         0
         0
         0
         0
         0
         0
         0
         0
         0
         0
         0
         0
         0
         0
         0
         0
         0
         0
         0
         0
         0
         0
         0
         0
         0
         0
         0
         0
         0
         0
         0
         0
         0
         0
         0
         0
         0
         0
         0
         0
         0
         0
         0
         0
         0
         0
         0
         0
         0
         0
         0
         0
         0
         0
         0
         0
         0
         0
         0
         0
         0
         0
         0
         0
         0
         0
         0
         0
         0
         0
         0
         0
         0
         0
         0
         0
         0
         0
         0
         0
         0
         0
         0
         0
         0
         0
         0
         0
         0
         0
         0
         0
         0
         0
         0
         0
         0
         0
         0
         0
         0
         0
         0
         0
         0
         0
         0
         0
         0
         0
         0
         0
         0
         0
         0
         0
         0
         0
         0
         0
         0
         0
         0
         0
         0
         0
         0
         0
         0
         0
         0
         0
         0
         0
         0
         0
         0
         0
         0
         0
         0
         0
         0
         0
         0
         0
         0
         0
         0
         0
         0
         0
         0
         0
         0
         0
         0
         0
         0
         0
         0
         0
         0
         0
         0
         0
         0
         0
         0
         0
         0
         0
         0
         0
         0
         0
         0
         0
         0
         0
         0
         0
         0
         0
         0
         0
         0
         0
         0
         0
         0
         0
         0
         0
         0
         0
         0
         0
         0
         0
         0
         0
         0
         0
         0
         0
         0
         0
         0
         0
         0
         0
         0
         0
         0
         0
         0
         0
         0
         0
         0
         0
         0
         0
         0
         0
         0
         0
         0
         0
         0
         0
         0
         0
         0
         0
         0
         0
         0
         0
         0
         0
         0
         0
         0
         0
         0
         0
         0
         0
         0
         0
         0
         0
         0
         0
         0
         0
         0
         0
         0
         0
         0
         0
         0
         0
         0
         0
         0
         0
         0
         0
         0
         0
         0
         0
         0
         0
         0
         0
         0
         0
         0
         0
         0
         0
         0
         0
         0
         0
         0
         0
         0
         0
         0
         0
         0
         0
         0
         0
         0
         0
         0
         0
         0
         0
         0
         0
         0
         0
         0
         0
         0
         0
         0
         0
         0
         0
         0
         0
         0
         0
         0
         0
         0
         0
         0
         0
         0
         0
         0
         0
         0
         0
         0
         0
         0
         0
         0
         0
         0
         0
         0
         0
         0
         0
         0
         0
         0
         0
         0
         0
         0
         0
         0
         0
         0
         0
         0
         0
         0
         0
         0
         0
         0
         0
         0
         0
         0
         0
         0
         0
         0
         0
         0
         0
         0
         0
         0
         0
         0
         0
         0
         0
         0
         0
         0
         0
         0
         0
         0
         0
         0
         0
         0
         0
         0
         0
         0
         0
         0
         0
         0
         0
         0
         0
         0
         0
         0
         0
         0
         0
         0
         0
         0
         0
         0
         0
         0
         0
         0
         0
         0
         0
         0
         0
         0
         0
         0
         0
         0
         0
         0
         0
         0
         0
         0
         0
         0
         0
         0
         0
         0
         0
         0
         0
         0
         0
         0
         0
         0
         0
         0
         0
         0
         0
         0
         0
         0
         0
         0
         0
         0
         0
         0
         0
         0
         0
         0
         0
         0
         0
         0
         0
         0
         0
         0
         0
         0
         0
         0
         0
         0
         0
         0
         0
         0
         0
         0
         0
         0
         0
         0
         0
         0
         0
         0
         0
         0
         0
         0
         0
         0
         0
         0
         0
         0
         0
         0
         0
         0
         0
         0
         0
         0
         0
         0
         0
         0
         0
         0
         0
         0
         0
         0
         0
         0
         0
         0
         0
         0
         0
         0
         0
         0
         0
         0
         0
         0
         0
         0
         0
         0
         0
         0
         0
         0
         0
         0
         0
         0
         0
         0
         0
         0
         0
         0
         0
         0
         0
         0
         0
         0
         0
         0
         0
         0
         0
         0
         0
         0
         0
         0
         0
         0
         0
         0
         0
         0
         0
         0
         0
         0
         0
         0
         0
         0
         0
         0
         0
         0
         0
         0
         0
         0
         0
         0
         0
         0
         0
         0
         0
         0
         0
         0
         0
         0
         0
         0
         0
         0
         0
         0
         0
         0
         0
         0
         0
         0
         0
         0
         0
         0
         0
         0
         0
         0
         0
         0
         0
         0
         0
         0
         0
         0
         0
         0
         0
         0
         0
         0
         0
         0
         0
         0
         0
         0
         0
         0
         0
         0
         0
         0
         0
         0
         0
         0
         0
         0
         0
         0
         0
         0
         0
         0
         0
         0
         0
         0
         0
         0
         0
         0
         0
         0
         0
         0
         0
         0
         0
         0
         0
         0
         0
         0
         0
         0
         0
         0
         0
         0
         0
         0
         0
         0
         0
         0
         0
         0
         0
         0
         0
         0
         0
         0
         0
         0
         0
         0
         0
         0
         0
         0
         0
         0
         0
         0
         0
         0
         0
         0
         0
         0
         0
         0
         0
         0
         0
         0
         0
         0
         0
         0
         0
         0
         0
         0
         0
         0
         0
         0
         0
         0
         0
         0
         0
         0
         0
         0
         0
         0
         0
         0
         0
         0
         0
         0
         0
         0
         0
         0
         0
         0
         0
         0
         0
         0
         0
         0
         0
         0
         0
         0
         0
         0
         0
         0
         0
         0
         0
         0
         0
         0
         0
         0
         0
         0
         0
         0
         0
         0
         0
         0
         0
         0
         0
         0
         0
         0
         0
         0
         0
         0
         0
         0
         0
         0
         0
         0
         0
         0
         0
         0
         0
         0
         0
         0
         0
         0
         0
         0
         0
         0
         0
         0
         0
         0
         0
         0
         0
         0
         0
         0
         0
         0
         0
         0
         0
         0
         0
         0
         0
         0
         0
         0
         0
         0
         0
         0
         0
         0
         0
         0
         0
         0
         0
         0
         0
         0
         0
         0
         0
         0
         0
         0
         0
         0
         0
         0
         0
         0
         0
         0
         0
         0
         0
         0
         0
         0
         0
         0
         0
         0
         0
         0
         0
         0
         0
         0
         0
         0
         0
         0
         0
         0
         0
         0
         0
         0
         0
         0
         0
         0
         0
         0
         0
         0
         0
         0
         0
         0
         0
         0
         0
         0
         0
         0
         0
         0
         0
         0
         0
         0
         0
         0
         0
         0
         0
         0
         0
         0
         0
         0
         0
         0
         0
         0
         0
         0
         0
         0
         0
         0
         0
         0
         0
         0
         0
         0
         0
         0
         0
         0
         0
         0
         0
         0
         0
         0
         0
         0
         0
         0
         0
         0
         0
         0
         0
         0
         0
         0
         0
         0
         0
         0
         0
         0
         0
         0
         0
         0
         0
         0
         0
         0
         0
         0
         0
         0
         0
         0
         0
         0
         0
         0
         0
         0
         0
         0
         0
         0
         0
         0
         0
         0
         0
         0
         0
         0
         0
         0
         0
         0
         0
         0
         0
         0
         0
         0
         0
         0
         0
         0
         0
         0
         0
         0
         0
         0
         0
         0
         0
         0
         0
         0
         0
         0
         0
         0
         0
         0
         0
         0
         0
         0
         0
         0
         0
         0
         0
         0
         0
         0
         0
         0
         0
         0
         0
         0
         0
         0
         0
         0
         0
         0
         0
         0
         0
         0
         0
         0
         0
         0
         0
         0
         0
         0
         0
         0
         0
         0
         0
         0
         0
         0
         0
         0
         0
         0
         0
         0
         0
         0
         0
         0
         0
         0
         0
         0
         0
         0
         0
         0
         0
         0
         0
         0
         0
         0
         0
         0
         0
         0
         0
         0
         0
         0
         0
         0
         0
         0
         0
         0
         0
         0
         0
         0
         0
         0
         0
         0
         0
         0
         0
         0
         0
         0
         0
         0
         0
         0
         0
         0
         0
         0
         0
         0
         0
         0
         0
         0
         0
         0
         0
         0
         0
         0
         0
         0
         0
         0
         0
         0
         0
         0
         0
         0
         0
         0
         0
         0
         0
         0
         0
         0
         0
         0
         0
         0
         0
         0
         0
         0
         0
         0
         0
         0
         0
         0
         0
         0
         0
         0
         0
         0
         0
         0
         0
         0
         0
         0
         0
         0
         0
         0
         0
         0
         0
         0
         0
         0
         0
         0
         0
         0
         0
         0
         0
         0
         0
         0
         0
         0
         0
         0
         0
         0
         0
         0
         0
         0
         0
         0
         0
         0
         0
         0
         0
         0
         0
         0
         0
         0
