         0
         0
         0
         0
         0
         0
         0
         0
         0
         0
      1051
      1089
      1107
      1121
      1189
      1078
      1107
      1151
      1070
      1068
      1064
      1105
      1064
      1064
      1057
      1045
       967
       994
       982
       949
       970
      1028
       971
      1062
      1028
      1021
       970
      1050
      1052
      1013
      1067
      1069
      1034
      1060
      1074
      1060
      1044
      1063
      1076
      1059
      1054
      1082
      1003
      1116
      1184
      1137
      1079
      1121
      1158
      1132
      1146
      1146
      1191
      1161
      1188
      1177
      1222
      1192
      1176
      1210
      1186
      1156
      1151
      1166
      1164
      1109
      1140
      1113
      1120
      1092
      1188
      1201
      1212
      1252
      1145
      1201
      1254
      1196
      1250
      1222
      1261
      1255
      1124
      1211
      1159
      1183
      1164
      1152
      1170
      1151
      1146
      1232
      1183
      1169
      1270
      1201
      1211
      1190
      1250
      1299
      1268
      1253
      1254
      1264
      1294
      1253
      1270
      1249
      1245
      1244
      1239
      1266
      1222
      1217
      1299
      1248
      1297
      1254
      1245
      1243
      1226
      1249
      1255
      1298
      1240
      1329
      1344
      1251
      1260
      1336
      1289
      1314
      1335
      1331
      1272
      1258
      1279
      1330
      1359
      1429
      1334
      1343
      1353
      1274
      1354
      1383
      1374
      1298
      1453
      1438
      1321
      1409
      1389
      1369
      1411
      1383
      1416
      1511
      1482
      1443
      1456
      1458
      1458
      1481
      1535
      1518
      1570
      1580
      1627
      1626
      1726
      1731
      1716
      1759
      1811
      1826
      1898
      1863
      1861
      1900
      1910
      1845
      1889
      1879
      2022
      2059
      1806
      2040
      1909
      2022
      1955
      1923
      2025
      1975
      1983
      1953
      1973
      1917
      1918
      1876
      1890
      1875
      1925
      1903
      1882
      1889
      1818
      1831
      1788
      1832
      1797
      1768
      1778
      1820
      1819
      1809
      1670
      1777
      1729
      1714
      1734
      1665
      1763
      1682
      1698
      1741
      1692
      1713
      1712
      1705
      1716
      1629
      1724
      1617
      1677
      1644
      1624
      1687
      1651
      1638
      1678
      1613
      1608
      1647
      1760
      1671
      1725
      1706
      1689
      1648
      1660
      1660
      1665
      1622
      1629
      1636
      1528
      1632
      1538
      1588
      1554
      1598
      1594
      1661
      1614
      1556
      1620
      1601
      1610
      1539
      1593
      1562
      1541
      1624
      1586
      1632
      1571
      1593
      1580
      1550
      1616
      1550
      1619
      1554
      1611
      1573
      1589
      1597
      1552
      1465
      1575
      1526
      1435
      1570
      1524
      1486
      1488
      1506
      1565
      1532
      1489
      1535
      1465
      1502
      1519
      1431
      1493
      1460
      1529
      1398
      1433
      1511
      1451
      1429
      1452
      1418
      1511
      1410
      1412
      1435
      1455
      1455
      1388
      1433
      1516
      1437
      1456
      1513
      1473
      1489
      1417
      1496
      1471
      1424
      1450
      1491
      1388
      1455
      1382
      1406
      1367
      1457
      1399
      1467
      1451
      1369
      1443
      1406
      1398
      1370
      1446
      1407
      1413
      1456
      1404
      1422
      1411
      1512
      1410
      1383
      1418
      1497
      1426
      1453
      1391
      1399
      1407
      1459
      1388
      1371
      1417
      1414
      1456
      1433
      1431
      1413
      1415
      1378
      1419
      1347
      1391
      1425
      1465
      1416
      1491
      1491
      1426
      1435
      1437
      1457
      1435
      1398
      1442
      1449
      1413
      1401
      1449
      1438
      1445
      1462
      1487
      1423
      1415
      1517
      1469
      1462
      1484
      1399
      1529
      1540
      1437
      1520
      1468
      1473
      1400
      1494
      1433
      1526
      1557
      1504
      1472
      1433
      1464
      1520
      1501
      1453
      1554
      1442
      1545
      1473
      1513
      1550
      1521
      1478
      1542
      1480
      1474
      1498
      1502
      1545
      1498
      1554
      1499
      1472
      1475
      1476
      1495
      1473
      1429
      1370
      1455
      1395
      1425
      1432
      1399
      1377
      1414
      1324
      1362
      1337
      1293
      1230
      1288
      1133
      1162
      1175
      1238
      1155
      1108
      1076
      1061
      1010
      1014
      1016
       969
       905
       936
       919
       859
       864
       857
       829
       824
       779
       774
       775
       756
       735
       684
       695
       675
       707
       654
       670
       611
       635
       640
       602
       620
       604
       577
       581
       597
       599
       590
       579
       546
       546
       523
       508
       523
       510
       539
       471
       496
       490
       487
       479
       515
       459
       465
       460
       453
       461
       491
       448
       486
       438
       427
       461
       466
       436
       422
       430
       457
       414
       436
       413
       400
       435
       461
       416
       445
       411
       403
       433
       419
       396
       417
       425
       460
       414
       373
       429
       409
       393
       407
       422
       418
       451
       413
       407
       401
       418
       367
       365
       398
       374
       389
       380
       422
       354
       359
       398
       394
       356
       380
       414
       419
       384
       392
       405
       341
       392
       374
       363
       393
       415
       443
       391
       446
       433
       450
       486
       478
       492
       522
       565
       591
       636
       638
       658
       754
       830
       853
       909
      1035
      1114
      1203
      1337
      1420
      1563
      1742
      1913
      2082
      2279
      2582
      2740
      3052
      3229
      3601
      3915
      4045
      4574
      4912
      5184
      5611
      6051
      6554
      6862
      7201
      7830
      8237
      8629
      9014
      9468
     10033
     10552
     10711
     11108
     11650
     11762
     12310
     12382
     12902
     12988
     13406
     13323
     13757
     13735
     13645
     13647
     13775
     13616
     13702
     13654
     13243
     13214
     12835
     12599
     12446
     11862
     11577
     11086
     10707
     10296
      9970
      9580
      9024
      8440
      8091
      7644
      7064
      6780
      6476
      5923
      5404
      5207
      4650
      4371
      3991
      3558
      3369
      3085
      2815
      2473
      2237
      2032
      1846
      1599
      1416
      1270
      1133
      1001
       909
       756
       689
       638
       518
       434
       386
       353
       296
       243
       234
       199
       164
       147
       112
        93
        77
        68
        56
        46
        42
        28
        31
        17
        18
        17
        10
        12
        10
         8
         0
         6
         5
         2
         3
         0
         3
         1
         1
         1
         0
         0
         0
         1
         0
         0
         0
         0
         0
         0
         0
         0
         0
         0
         0
         0
         1
         0
         0
         0
         0
         0
         0
         0
         0
         0
         0
         0
         0
         0
         0
         0
         0
         0
         0
         1
         0
         1
         0
         1
         0
         0
         1
         0
         0
         1
         1
         0
         0
         0
         0
         1
         0
         0
         0
         0
         2
         0
         1
         0
         1
         1
         1
         4
         0
         0
         1
         0
         0
         1
         1
         0
         0
         0
         0
         0
         0
         0
         0
         0
         0
         0
         1
         1
         2
         0
         0
         0
         1
         0
         1
         0
         0
         0
         1
         0
         1
         0
         0
         0
         0
         1
         0
         0
         0
         0
         0
         0
         0
         0
         0
         0
         0
         0
         0
         0
         0
         0
         0
         0
         0
         0
         0
         0
         0
         0
         0
         0
         0
         0
         0
         0
         0
         0
         0
         0
         0
         0
         0
         0
         0
         0
         0
         0
         0
         0
         0
         0
         0
         0
         0
         0
         0
         0
         0
         0
         0
         0
         0
         0
         0
         0
         0
         0
         0
         0
         0
         0
         0
         0
         0
         0
         0
         0
         0
         0
         0
         0
         0
         0
         0
         0
         0
         0
         0
         0
         0
         0
         0
         0
         0
         0
         0
         0
         0
         0
         0
         0
         0
         0
         0
         0
         0
         0
         0
         0
         0
         0
         0
         0
         0
         0
         0
         0
         0
         0
         0
         0
         0
         0
         0
         0
         0
         0
         0
         0
         0
         0
         0
         0
         0
         0
         0
         0
         0
         0
         0
         0
         0
         0
         0
         0
         0
         0
         0
         0
         0
         0
         0
         0
         0
         0
         0
         0
         0
         0
         0
         0
         0
         0
         0
         0
         0
         0
         0
         0
         0
         0
         0
         0
         0
         0
         0
         0
         0
         0
         0
         0
         0
         0
         0
         0
         0
         0
         0
         0
         0
         0
         0
         0
         0
         0
         0
         0
         0
         0
         0
         0
         0
         0
         0
         0
         0
         0
         0
         0
         0
         0
         0
         0
         0
         0
         0
         0
         0
         0
         0
         0
         0
         0
         0
         0
         0
         0
         0
         0
         0
         0
         0
         0
         0
         0
         0
         0
         0
         0
         0
         0
         0
         0
         0
         0
         0
         0
         0
         0
         0
         0
         0
         0
         0
         0
         0
         0
         0
         0
         0
         0
         0
         0
         0
         0
         0
         0
         0
         0
         0
         0
         0
         0
         0
         0
         0
         0
         0
         0
         0
         0
         0
         0
         0
         0
         0
         0
         0
         0
         0
         0
         0
         0
         0
         0
         0
         0
         0
         0
         0
         0
         0
         0
         0
         0
         0
         0
         0
         0
         0
         0
         0
         0
         0
         0
         0
         0
         0
         0
         0
         0
         0
         0
         0
         0
         0
         0
         0
         0
         0
         0
         0
         0
         0
         0
         0
         0
         0
         0
         0
         0
         0
         0
         0
         0
         0
         0
         0
         0
         0
         0
         0
         0
         0
         0
         0
         0
         0
         0
         0
         0
         0
         0
         0
         0
         0
         0
         0
         0
         0
         0
         0
         0
         0
         0
         0
         0
         0
         0
         0
         0
         0
         0
         0
         0
         0
         0
         0
         0
         0
         0
         0
         0
         0
         0
         0
         0
         0
         0
         0
         0
         0
         0
         0
         0
         0
         0
         0
         0
         0
         0
         0
         0
         0
         0
         0
         0
         0
         0
         0
         0
         0
         0
         0
         0
         0
         0
         0
         0
         0
         0
         0
         0
         0
         0
         0
         0
         0
         0
         0
         0
         0
         0
         0
         0
         0
         0
         0
         0
         0
         0
         0
         0
         0
         0
         0
         0
         0
         0
         0
         0
         0
         0
         0
         0
         0
         0
         0
         0
         0
         0
         0
         0
         0
         0
         0
         0
         0
         0
         0
         0
         0
         0
         0
         0
         0
         0
         0
         0
         0
         0
         0
         0
         0
         0
         0
         0
         0
         0
         0
         0
         0
         0
         0
         0
         0
         0
         0
         0
         0
         0
         0
         0
         0
         0
         0
         0
         0
         0
         0
         0
         0
         0
         0
         0
         0
         0
         0
         0
         0
         0
         0
         0
         0
         0
         0
         0
         0
         0
         0
         0
         0
         0
         0
         0
         0
         0
         0
         0
         0
         0
         0
         0
         0
         0
         0
         0
         0
         0
         0
         0
         0
         0
         0
         0
         0
         0
         0
         0
         0
         0
         0
         0
         0
         0
         0
         0
         0
         0
         0
         0
         0
         0
         0
         0
         0
         0
         0
         0
         0
         0
         0
         0
         0
         0
         0
         0
         0
         0
         0
         0
         0
         0
         0
         0
         0
         0
         0
         0
         0
         0
         0
         0
         0
         0
         0
         0
         0
         0
         0
         0
         0
         0
         0
         0
         0
         0
         0
         0
         0
         0
         0
         0
         0
         0
         0
         0
         0
         0
         0
         0
         0
         0
         0
         0
         0
         0
         0
         0
         0
         0
         0
         0
         0
         0
         0
         0
         0
         0
         0
         0
         0
         0
         0
         0
         0
         0
         0
         0
         0
         0
         0
         0
         0
         0
         0
         0
         0
         0
         0
         0
         0
         0
         0
         0
         0
         0
         0
         0
         0
         0
         0
         0
         0
         0
         0
         0
         0
         0
         0
         0
         0
         0
         0
         0
         0
         0
         0
         0
         0
         0
         0
         0
         0
         0
         0
         0
         0
         0
         0
         0
         0
         0
         0
         0
         0
         0
         0
         0
         0
         0
         0
         0
         0
         0
         0
         0
         0
         0
         0
         0
         0
         0
         0
         0
         0
         0
         0
         0
         0
         0
         0
         0
         0
         0
         0
         0
         0
         0
         0
         0
         0
         0
         0
         0
         0
         0
         0
         0
         0
         0
         0
         0
         0
         0
         0
         0
         0
         0
         0
         0
         0
         0
         0
         0
         0
         0
         0
         0
         0
         0
         0
         0
         0
         0
         0
         0
         0
         0
         0
         0
         0
         0
         0
         0
         0
         0
         0
         0
         0
         0
         0
         0
         0
         0
         0
         0
         0
         0
         0
         0
         0
         0
         0
         0
         0
         0
         0
         0
         0
         0
         0
         0
         0
         0
         0
         0
         0
         0
         0
         0
         0
         0
         0
         0
         0
         0
         0
         0
         0
         0
         0
         0
         0
         0
         0
         0
         0
         0
         0
         0
         0
         0
         0
         0
         0
         0
         0
         0
         0
         0
         0
         0
         0
         0
         0
         0
         0
         0
         0
         0
         0
         0
         0
         0
         0
         0
         0
         0
         0
         0
         0
         0
         0
         0
         0
         0
         0
         0
         0
         0
         0
         0
         0
         0
         0
         0
         0
         0
         0
         0
         0
         0
         0
         0
         0
         0
         0
         0
         0
         0
         0
         0
         0
         0
         0
         0
         0
         0
         0
         0
         0
         0
         0
         0
         0
         0
         0
         0
         0
         0
         0
         0
         0
         0
         0
         0
         0
         0
         0
         0
         0
         0
         0
         0
         0
         0
         0
         0
         0
         0
         0
         0
         0
         0
         0
         0
         0
         0
         0
         0
         0
         0
         0
         0
         0
         0
         0
         0
         0
         0
         0
         0
         0
         0
         0
         0
         0
         0
         0
         0
         0
         0
         0
         0
         0
         0
         0
         0
         0
         0
         0
         0
         0
         0
         0
         0
         0
         0
         0
         0
         0
         0
         0
         0
         0
         0
         0
         0
         0
         0
         0
         0
         0
         0
         0
         0
         0
         0
         0
         0
         0
         0
         0
         0
         0
         0
         0
         0
         0
         0
         0
         0
         0
         0
         0
         0
         0
         0
         0
         0
         0
         0
         0
         0
         0
         0
         0
         0
         0
         0
         0
         0
         0
         0
         0
         0
         0
         0
         0
         0
         0
         0
         0
         0
         0
         0
         0
         0
         0
         0
         0
         0
         0
         0
         0
         0
         0
         0
         0
         0
         0
         0
         0
         0
         0
         0
         0
         0
         0
         0
         0
         0
         0
         0
         0
         0
         0
         0
         0
         0
         0
         0
         0
         0
         0
         0
         0
         0
         0
         0
         0
         0
         0
         0
         0
         0
         0
         0
         0
         0
         0
         0
         0
         0
         0
         0
         0
         0
         0
         0
         0
         0
         0
         0
         0
         0
         0
         0
         0
         0
         0
         0
         0
         0
         0
         0
         0
         0
         0
         0
         0
         0
         0
         0
         0
         0
         0
         0
         0
         0
         0
         0
         0
         0
         0
         0
         0
         0
         0
         0
         0
         0
         0
         0
         0
         0
         0
         0
         0
         0
         0
         0
         0
         0
         0
         0
         0
         0
         0
         0
         0
         0
         0
         0
         0
         0
         0
         0
         0
         0
         0
         0
         0
         0
         0
         0
         0
         0
         0
         0
         0
         0
         0
         0
         0
         0
         0
         0
         0
         0
         0
         0
         0
         0
         0
         0
         0
         0
         0
         0
         0
         0
         0
         0
         0
         0
         0
         0
         0
         0
         0
         0
         0
         0
         0
         0
         0
         0
         0
         0
         0
         0
         0
         0
         0
         0
         0
         0
         0
         0
         0
         0
         0
         0
         0
         0
         0
         0
         0
         0
         0
         0
         0
         0
         0
         0
         0
         0
         0
         0
         0
         0
         0
         0
         0
         0
         0
         0
         0
         0
         0
         0
         0
         0
         0
         0
         0
         0
         0
         0
         0
         0
         0
         0
         0
         0
         0
         0
         0
         0
         0
         0
         0
         0
         0
         0
         0
         0
         0
         0
         0
         0
         0
         0
         0
         0
         0
         0
         0
         0
         0
         0
         0
         0
         0
         0
         0
         0
         0
         0
         0
         0
         0
         0
         0
         0
         0
         0
         0
         0
         0
         0
         0
         0
         0
         0
         0
         0
         0
         0
         0
         0
         0
         0
         0
         0
         0
         0
         0
         0
         0
         0
         0
         0
         0
         0
         0
         0
         0
         0
         0
         0
         0
         0
         0
         0
         0
         0
         0
         0
         0
         0
         0
         0
         0
         0
         0
         0
         0
         0
         0
         0
         0
         0
         0
         0
         0
         0
         0
         0
         0
         0
         0
         0
         0
         0
         0
         0
         0
         0
         0
         0
         0
         0
         0
         0
         0
         0
         0
         0
         0
         0
         0
         0
         0
         0
         0
         0
         0
         0
         0
         0
         0
         0
         0
         0
         0
         0
         0
         0
         0
         0
         0
         0
         0
         0
         0
         0
         0
         0
         0
         0
         0
         0
         0
         0
         0
         0
         0
         0
         0
         0
         0
         0
         0
         0
         0
         0
         0
         0
         0
         0
         0
         0
         0
         0
         0
         0
         0
         0
         0
         0
         0
         0
         0
         0
         0
         0
         0
         0
         0
         0
         0
         0
         0
         0
         0
         0
         0
         0
         0
         0
         0
         0
         0
         0
         0
         0
         0
         0
         0
         0
         0
         0
         0
         0
         0
         0
         0
         0
         0
         0
         0
         0
         0
         0
         0
         0
         0
         0
         0
         0
         0
         0
         0
         0
         0
         0
         0
         0
         0
         0
         0
         0
         0
         0
         0
         0
         0
         0
         0
         0
         0
         0
         0
         0
         0
         0
         0
         0
         0
         0
         0
         0
         0
         0
         0
         0
         0
         0
         0
         0
         0
         0
         0
         0
         0
         0
         0
         0
         0
         0
         0
         0
         0
         0
         0
         0
         0
         0
         0
         0
         0
         0
         0
         0
         0
         0
         0
         0
         0
         0
         0
         0
         0
         0
         0
         0
         0
         0
         0
         0
         0
         0
         0
         0
         0
         0
         0
         0
         0
         0
         0
         0
         0
         0
         0
         0
         0
         0
         0
         0
         0
         0
         0
         0
         0
         0
         0
         0
         0
         0
         0
         0
         0
         0
         0
         0
         0
         0
         0
         0
         0
         0
         0
         0
         0
         0
         0
         0
         0
         0
         0
         0
         0
         0
         0
         0
         0
         0
         0
         0
         0
         0
         0
         0
         0
         0
         0
         0
         0
         0
         0
         0
         0
         0
         0
         0
         0
         0
         0
         0
         0
         0
         0
         0
         0
         0
         0
         0
         0
         0
         0
         0
         0
         0
         0
         0
         0
         0
         0
         0
         0
         0
         0
         0
         0
         0
         0
         0
         0
         0
         0
         0
         0
         0
         0
         0
         0
         0
         0
         0
         0
         0
         0
         0
         0
         0
         0
         0
         0
         0
         0
         0
         0
         0
         0
         0
         0
         0
         0
         0
         0
         0
         0
         0
         0
         0
         0
         0
         0
         0
         0
         0
         0
         0
         0
         0
         0
         0
         0
         0
         0
         0
         0
         0
         0
         0
         0
         0
         0
         0
         0
         0
         0
         0
         0
         0
         0
         0
         0
         0
         0
         0
         0
         0
         0
         0
         0
         0
         0
         0
         0
         0
         0
         0
         0
         0
         0
         0
         0
         0
         0
         0
         0
         0
         0
         0
         0
         0
         0
         0
         0
         0
         0
         0
         0
         0
         0
         0
         0
         0
         0
         0
         0
         0
         0
         0
         0
         0
         0
         0
         0
         0
         0
         0
         0
         0
         0
         0
         0
         0
         0
         0
         0
         0
         0
         0
         0
         0
         0
         0
         0
         0
         0
         0
         0
         0
         0
         0
         0
         0
         0
         0
         0
         0
         0
         0
         0
         0
         0
         0
         0
         0
         0
         0
         0
         0
         0
         0
         0
         0
         0
         0
         0
         0
         0
         0
         0
         0
         0
         0
         0
         0
         0
         0
         0
         0
         0
         0
         0
         0
         0
         0
         0
         0
         0
         0
         0
         0
         0
         0
         0
         0
         0
         0
         0
         0
         0
         0
         0
         0
         0
         0
         0
         0
         0
         0
         0
         0
         0
         0
         0
         0
         0
         0
         0
         0
         0
         0
         0
         0
         0
         0
         0
         0
         0
         0
         0
         0
         0
         0
         0
         0
         0
         0
         0
         0
         0
         0
         0
         0
         0
         0
         0
         0
         0
         0
         0
         0
         0
         0
         0
         0
         0
         0
         0
         0
         0
         0
         0
         0
         0
         0
         0
         0
         0
         0
         0
         0
         0
         0
         0
         0
         0
         0
         0
         0
         0
         0
         0
         0
         0
         0
         0
         0
         0
         0
         0
         0
         0
         0
         0
         0
         0
         0
         0
         0
         0
         0
         0
         0
         0
         0
         0
         0
         0
         0
         0
         0
         0
         0
         0
         0
         0
         0
         0
         0
         0
         0
         0
         0
         0
         0
         0
         0
         0
         0
         0
         0
         0
         0
         0
         0
         0
         0
         0
         0
         0
         0
         0
         0
         0
         0
         0
         0
         0
         0
         0
         0
         0
         0
         0
         0
         0
         0
         0
         0
         0
         0
         0
         0
         0
         0
         0
         0
         0
         0
         0
         0
         0
         0
         0
         0
         0
         0
         0
         0
         0
         0
         0
         0
         0
         0
         0
         0
         0
         0
         0
         0
         0
         0
         0
         0
         0
         0
         0
         0
         0
         0
         0
         0
         0
         0
         0
         0
         0
