         0
         0
         0
         0
         0
         0
         0
         0
         0
         0
      1063
      1038
      1094
      1094
      1162
      1095
      1128
      1110
      1076
      1030
      1029
      1145
      1067
      1076
      1058
      1045
       933
      1035
       932
      1022
      1013
      1004
      1044
      1045
      1028
       994
       988
       974
      1095
      1002
      1004
      1105
      1094
      1113
      1051
      1122
      1052
      1135
      1065
      1110
      1078
      1124
      1082
      1069
      1152
      1142
      1174
      1193
      1167
      1187
      1131
      1152
      1155
      1163
      1162
      1213
      1220
      1202
      1225
      1213
      1167
      1238
      1158
      1175
      1231
      1188
      1162
      1137
      1103
      1178
      1148
      1250
      1206
      1211
      1218
      1203
      1184
      1235
      1273
      1253
      1216
      1213
      1166
      1243
      1175
      1172
      1166
      1156
      1178
      1216
      1127
      1219
      1182
      1219
      1131
      1195
      1206
      1280
      1186
      1230
      1296
      1191
      1253
      1289
      1278
      1255
      1229
      1252
      1252
      1237
      1295
      1238
      1256
      1201
      1222
      1247
      1254
      1242
      1237
      1239
      1240
      1257
      1217
      1339
      1264
      1285
      1271
      1330
      1255
      1327
      1306
      1343
      1320
      1293
      1302
      1291
      1323
      1298
      1407
      1271
      1297
      1302
      1375
      1298
      1334
      1369
      1329
      1232
      1324
      1326
      1351
      1330
      1411
      1374
      1337
      1373
      1379
      1373
      1405
      1445
      1445
      1462
      1504
      1441
      1562
      1516
      1513
      1611
      1559
      1649
      1688
      1639
      1750
      1785
      1773
      1743
      1821
      1896
      1861
      1851
      1843
      1965
      1916
      1938
      1992
      1953
      1861
      1967
      2005
      1950
      1887
      1939
      1937
      1868
      1904
      1977
      1857
      1956
      1967
      1938
      1910
      1899
      1879
      1917
      1812
      1867
      1901
      1823
      1875
      1821
      1753
      1823
      1755
      1772
      1796
      1745
      1801
      1766
      1788
      1731
      1771
      1703
      1742
      1667
      1771
      1652
      1697
      1704
      1682
      1677
      1725
      1701
      1678
      1677
      1713
      1633
      1658
      1687
      1625
      1722
      1713
      1591
      1684
      1604
      1734
      1600
      1637
      1601
      1582
      1576
      1595
      1638
      1643
      1577
      1604
      1534
      1536
      1553
      1673
      1567
      1566
      1565
      1577
      1574
      1546
      1519
      1572
      1533
      1573
      1534
      1485
      1592
      1619
      1591
      1590
      1572
      1536
      1593
      1581
      1615
      1633
      1596
      1614
      1530
      1576
      1494
      1564
      1514
      1502
      1587
      1518
      1495
      1547
      1569
      1454
      1553
      1489
      1424
      1493
      1461
      1470
      1446
      1454
      1467
      1445
      1513
      1547
      1477
      1533
      1476
      1495
      1462
      1501
      1449
      1395
      1448
      1374
      1459
      1425
      1438
      1394
      1435
      1419
      1434
      1450
      1503
      1455
      1480
      1399
      1465
      1459
      1344
      1433
      1484
      1425
      1375
      1472
      1417
      1432
      1483
      1460
      1383
      1430
      1421
      1424
      1444
      1410
      1462
      1413
      1354
      1450
      1418
      1416
      1470
      1381
      1441
      1418
      1394
      1357
      1444
      1446
      1390
      1433
      1438
      1420
      1380
      1437
      1421
      1422
      1371
      1393
      1430
      1446
      1420
      1467
      1353
      1429
      1449
      1384
      1445
      1387
      1463
      1440
      1449
      1413
      1380
      1415
      1382
      1504
      1461
      1411
      1392
      1376
      1460
      1428
      1513
      1431
      1470
      1456
      1492
      1392
      1441
      1399
      1463
      1412
      1517
      1381
      1425
      1463
      1455
      1425
      1482
      1527
      1527
      1437
      1467
      1459
      1515
      1478
      1474
      1526
      1531
      1504
      1475
      1466
      1471
      1486
      1498
      1527
      1451
      1416
      1429
      1504
      1520
      1523
      1582
      1582
      1535
      1587
      1521
      1510
      1419
      1539
      1464
      1522
      1533
      1463
      1536
      1523
      1465
      1512
      1406
      1443
      1398
      1322
      1279
      1290
      1350
      1270
      1277
      1280
      1232
      1221
      1216
      1231
      1235
      1129
      1147
      1127
      1111
      1092
      1046
       995
      1015
       941
       873
       921
       936
       911
       851
       827
       813
       782
       839
       781
       732
       784
       700
       749
       675
       700
       701
       725
       658
       611
       672
       638
       580
       604
       584
       561
       579
       622
       547
       519
       521
       544
       527
       509
       520
       476
       546
       502
       482
       517
       490
       498
       471
       498
       491
       466
       485
       443
       451
       438
       476
       411
       448
       440
       425
       449
       427
       441
       427
       434
       432
       382
       384
       458
       427
       424
       420
       439
       464
       436
       407
       425
       413
       419
       422
       402
       404
       393
       441
       449
       430
       417
       398
       408
       404
       405
       367
       394
       380
       347
       391
       401
       399
       401
       395
       424
       379
       371
       386
       411
       349
       398
       382
       370
       355
       379
       356
       368
       371
       396
       395
       391
       393
       433
       418
       427
       417
       420
       450
       449
       485
       541
       558
       569
       633
       642
       693
       728
       816
       858
       936
       998
      1129
      1223
      1324
      1379
      1599
      1761
      2002
      2056
      2281
      2564
      2837
      3071
      3194
      3561
      3843
      4200
      4549
      4928
      5158
      5630
      5971
      6603
      6877
      7319
      7898
      8225
      8709
      9126
      9550
      9985
     10529
     10850
     11306
     11676
     11904
     12296
     12463
     13117
     13064
     13439
     13356
     13645
     13903
     13736
     13667
     13714
     13769
     13704
     13633
     13314
     13232
     13002
     12706
     12492
     12000
     11720
     11127
     10733
     10355
      9942
      9506
      9002
      8618
      8147
      7674
      7105
      6823
      6458
      5968
      5547
      5287
      4762
      4362
      3983
      3561
      3459
      3037
      2785
      2576
      2236
      2013
      1851
      1625
      1406
      1346
      1122
       974
       873
       793
       682
       635
       517
       442
       366
       383
       291
       228
       229
       189
       155
       129
       107
        95
        68
        66
        58
        48
        42
        27
        23
        17
        14
        16
        13
        13
        10
         8
         0
         6
         5
         2
         2
         1
         3
         1
         1
         1
         0
         0
         0
         0
         1
         1
         0
         0
         0
         0
         0
         0
         0
         0
         0
         0
         0
         0
         0
         0
         0
         1
         0
         0
         1
         1
         1
         1
         0
         0
         0
         0
         0
         0
         0
         0
         1
         0
         1
         0
         2
         0
         0
         0
         0
         2
         2
         0
         2
         0
         0
         1
         0
         0
         0
         0
         0
         0
         2
         0
         1
         1
         0
         0
         1
         1
         0
         1
         1
         0
         1
         1
         0
         1
         0
         0
         0
         0
         0
         0
         0
         0
         1
         0
         0
         0
         1
         0
         0
         0
         0
         0
         0
         1
         0
         0
         0
         0
         0
         0
         0
         0
         0
         0
         0
         0
         0
         0
         0
         0
         0
         0
         0
         0
         0
         0
         0
         0
         0
         0
         0
         0
         0
         0
         0
         0
         0
         0
         0
         0
         0
         0
         0
         0
         0
         0
         0
         0
         0
         0
         0
         0
         0
         0
         0
         0
         0
         0
         0
         0
         0
         0
         0
         0
         0
         0
         0
         0
         0
         0
         0
         0
         0
         0
         0
         0
         0
         0
         0
         0
         0
         0
         0
         0
         0
         0
         0
         0
         0
         0
         0
         0
         0
         0
         0
         0
         0
         0
         0
         0
         0
         0
         0
         0
         0
         0
         0
         0
         0
         0
         0
         0
         0
         0
         0
         0
         0
         0
         0
         0
         0
         0
         0
         0
         0
         0
         0
         0
         0
         0
         0
         0
         0
         0
         0
         0
         0
         0
         0
         0
         0
         0
         0
         0
         0
         0
         0
         0
         0
         0
         0
         0
         0
         0
         0
         0
         0
         0
         0
         0
         0
         0
         0
         0
         0
         0
         0
         0
         0
         0
         0
         0
         0
         0
         0
         0
         0
         0
         0
         0
         0
         0
         0
         0
         0
         0
         0
         0
         0
         0
         0
         0
         0
         0
         0
         0
         0
         0
         0
         0
         0
         0
         0
         0
         0
         0
         0
         0
         0
         0
         0
         0
         0
         0
         0
         0
         0
         0
         0
         0
         0
         0
         0
         0
         0
         0
         0
         0
         0
         0
         0
         0
         0
         0
         0
         0
         0
         0
         0
         0
         0
         0
         0
         0
         0
         0
         0
         0
         0
         0
         0
         0
         0
         0
         0
         0
         0
         0
         0
         0
         0
         0
         0
         0
         0
         0
         0
         0
         0
         0
         0
         0
         0
         0
         0
         0
         0
         0
         0
         0
         0
         0
         0
         0
         0
         0
         0
         0
         0
         0
         0
         0
         0
         0
         0
         0
         0
         0
         0
         0
         0
         0
         0
         0
         0
         0
         0
         0
         0
         0
         0
         0
         0
         0
         0
         0
         0
         0
         0
         0
         0
         0
         0
         0
         0
         0
         0
         0
         0
         0
         0
         0
         0
         0
         0
         0
         0
         0
         0
         0
         0
         0
         0
         0
         0
         0
         0
         0
         0
         0
         0
         0
         0
         0
         0
         0
         0
         0
         0
         0
         0
         0
         0
         0
         0
         0
         0
         0
         0
         0
         0
         0
         0
         0
         0
         0
         0
         0
         0
         0
         0
         0
         0
         0
         0
         0
         0
         0
         0
         0
         0
         0
         0
         0
         0
         0
         0
         0
         0
         0
         0
         0
         0
         0
         0
         0
         0
         0
         0
         0
         0
         0
         0
         0
         0
         0
         0
         0
         0
         0
         0
         0
         0
         0
         0
         0
         0
         0
         0
         0
         0
         0
         0
         0
         0
         0
         0
         0
         0
         0
         0
         0
         0
         0
         0
         0
         0
         0
         0
         0
         0
         0
         0
         0
         0
         0
         0
         0
         0
         0
         0
         0
         0
         0
         0
         0
         0
         0
         0
         0
         0
         0
         0
         0
         0
         0
         0
         0
         0
         0
         0
         0
         0
         0
         0
         0
         0
         0
         0
         0
         0
         0
         0
         0
         0
         0
         0
         0
         0
         0
         0
         0
         0
         0
         0
         0
         0
         0
         0
         0
         0
         0
         0
         0
         0
         0
         0
         0
         0
         0
         0
         0
         0
         0
         0
         0
         0
         0
         0
         0
         0
         0
         0
         0
         0
         0
         0
         0
         0
         0
         0
         0
         0
         0
         0
         0
         0
         0
         0
         0
         0
         0
         0
         0
         0
         0
         0
         0
         0
         0
         0
         0
         0
         0
         0
         0
         0
         0
         0
         0
         0
         0
         0
         0
         0
         0
         0
         0
         0
         0
         0
         0
         0
         0
         0
         0
         0
         0
         0
         0
         0
         0
         0
         0
         0
         0
         0
         0
         0
         0
         0
         0
         0
         0
         0
         0
         0
         0
         0
         0
         0
         0
         0
         0
         0
         0
         0
         0
         0
         0
         0
         0
         0
         0
         0
         0
         0
         0
         0
         0
         0
         0
         0
         0
         0
         0
         0
         0
         0
         0
         0
         0
         0
         0
         0
         0
         0
         0
         0
         0
         0
         0
         0
         0
         0
         0
         0
         0
         0
         0
         0
         0
         0
         0
         0
         0
         0
         0
         0
         0
         0
         0
         0
         0
         0
         0
         0
         0
         0
         0
         0
         0
         0
         0
         0
         0
         0
         0
         0
         0
         0
         0
         0
         0
         0
         0
         0
         0
         0
         0
         0
         0
         0
         0
         0
         0
         0
         0
         0
         0
         0
         0
         0
         0
         0
         0
         0
         0
         0
         0
         0
         0
         0
         0
         0
         0
         0
         0
         0
         0
         0
         0
         0
         0
         0
         0
         0
         0
         0
         0
         0
         0
         0
         0
         0
         0
         0
         0
         0
         0
         0
         0
         0
         0
         0
         0
         0
         0
         0
         0
         0
         0
         0
         0
         0
         0
         0
         0
         0
         0
         0
         0
         0
         0
         0
         0
         0
         0
         0
         0
         0
         0
         0
         0
         0
         0
         0
         0
         0
         0
         0
         0
         0
         0
         0
         0
         0
         0
         0
         0
         0
         0
         0
         0
         0
         0
         0
         0
         0
         0
         0
         0
         0
         0
         0
         0
         0
         0
         0
         0
         0
         0
         0
         0
         0
         0
         0
         0
         0
         0
         0
         0
         0
         0
         0
         0
         0
         0
         0
         0
         0
         0
         0
         0
         0
         0
         0
         0
         0
         0
         0
         0
         0
         0
         0
         0
         0
         0
         0
         0
         0
         0
         0
         0
         0
         0
         0
         0
         0
         0
         0
         0
         0
         0
         0
         0
         0
         0
         0
         0
         0
         0
         0
         0
         0
         0
         0
         0
         0
         0
         0
         0
         0
         0
         0
         0
         0
         0
         0
         0
         0
         0
         0
         0
         0
         0
         0
         0
         0
         0
         0
         0
         0
         0
         0
         0
         0
         0
         0
         0
         0
         0
         0
         0
         0
         0
         0
         0
         0
         0
         0
         0
         0
         0
         0
         0
         0
         0
         0
         0
         0
         0
         0
         0
         0
         0
         0
         0
         0
         0
         0
         0
         0
         0
         0
         0
         0
         0
         0
         0
         0
         0
         0
         0
         0
         0
         0
         0
         0
         0
         0
         0
         0
         0
         0
         0
         0
         0
         0
         0
         0
         0
         0
         0
         0
         0
         0
         0
         0
         0
         0
         0
         0
         0
         0
         0
         0
         0
         0
         0
         0
         0
         0
         0
         0
         0
         0
         0
         0
         0
         0
         0
         0
         0
         0
         0
         0
         0
         0
         0
         0
         0
         0
         0
         0
         0
         0
         0
         0
         0
         0
         0
         0
         0
         0
         0
         0
         0
         0
         0
         0
         0
         0
         0
         0
         0
         0
         0
         0
         0
         0
         0
         0
         0
         0
         0
         0
         0
         0
         0
         0
         0
         0
         0
         0
         0
         0
         0
         0
         0
         0
         0
         0
         0
         0
         0
         0
         0
         0
         0
         0
         0
         0
         0
         0
         0
         0
         0
         0
         0
         0
         0
         0
         0
         0
         0
         0
         0
         0
         0
         0
         0
         0
         0
         0
         0
         0
         0
         0
         0
         0
         0
         0
         0
         0
         0
         0
         0
         0
         0
         0
         0
         0
         0
         0
         0
         0
         0
         0
         0
         0
         0
         0
         0
         0
         0
         0
         0
         0
         0
         0
         0
         0
         0
         0
         0
         0
         0
         0
         0
         0
         0
         0
         0
         0
         0
         0
         0
         0
         0
         0
         0
         0
         0
         0
         0
         0
         0
         0
         0
         0
         0
         0
         0
         0
         0
         0
         0
         0
         0
         0
         0
         0
         0
         0
         0
         0
         0
         0
         0
         0
         0
         0
         0
         0
         0
         0
         0
         0
         0
         0
         0
         0
         0
         0
         0
         0
         0
         0
         0
         0
         0
         0
         0
         0
         0
         0
         0
         0
         0
         0
         0
         0
         0
         0
         0
         0
         0
         0
         0
         0
         0
         0
         0
         0
         0
         0
         0
         0
         0
         0
         0
         0
         0
         0
         0
         0
         0
         0
         0
         0
         0
         0
         0
         0
         0
         0
         0
         0
         0
         0
         0
         0
         0
         0
         0
         0
         0
         0
         0
         0
         0
         0
         0
         0
         0
         0
         0
         0
         0
         0
         0
         0
         0
         0
         0
         0
         0
         0
         0
         0
         0
         0
         0
         0
         0
         0
         0
         0
         0
         0
         0
         0
         0
         0
         0
         0
         0
         0
         0
         0
         0
         0
         0
         0
         0
         0
         0
         0
         0
         0
         0
         0
         0
         0
         0
         0
         0
         0
         0
         0
         0
         0
         0
         0
         0
         0
         0
         0
         0
         0
         0
         0
         0
         0
         0
         0
         0
         0
         0
         0
         0
         0
         0
         0
         0
         0
         0
         0
         0
         0
         0
         0
         0
         0
         0
         0
         0
         0
         0
         0
         0
         0
         0
         0
         0
         0
         0
         0
         0
         0
         0
         0
         0
         0
         0
         0
         0
         0
         0
         0
         0
         0
         0
         0
         0
         0
         0
         0
         0
         0
         0
         0
         0
         0
         0
         0
         0
         0
         0
         0
         0
         0
         0
         0
         0
         0
         0
         0
         0
         0
         0
         0
         0
         0
         0
         0
         0
         0
         0
         0
         0
         0
         0
         0
         0
         0
         0
         0
         0
         0
         0
         0
         0
         0
         0
         0
         0
         0
         0
         0
         0
         0
         0
         0
         0
         0
         0
         0
         0
         0
         0
         0
         0
         0
         0
         0
         0
         0
         0
         0
         0
         0
         0
         0
         0
         0
         0
         0
         0
         0
         0
         0
         0
         0
         0
         0
         0
         0
         0
         0
         0
         0
         0
         0
         0
         0
         0
         0
         0
         0
         0
         0
         0
         0
         0
         0
         0
         0
         0
         0
         0
         0
         0
         0
         0
         0
         0
         0
         0
         0
         0
         0
         0
         0
         0
         0
         0
         0
         0
         0
         0
         0
         0
         0
         0
         0
         0
         0
         0
         0
         0
         0
         0
         0
         0
         0
         0
         0
         0
         0
         0
         0
         0
         0
         0
         0
         0
         0
         0
         0
         0
         0
         0
         0
         0
         0
         0
         0
         0
         0
         0
         0
         0
         0
         0
         0
         0
         0
         0
         0
         0
         0
         0
         0
         0
         0
         0
         0
         0
         0
         0
         0
         0
         0
         0
         0
         0
         0
         0
         0
         0
         0
         0
         0
         0
         0
         0
         0
         0
         0
         0
         0
         0
         0
         0
         0
         0
         0
         0
         0
         0
         0
         0
         0
         0
         0
         0
         0
         0
         0
         0
         0
         0
         0
         0
         0
         0
         0
         0
         0
         0
         0
         0
         0
         0
         0
         0
         0
         0
         0
         0
         0
         0
         0
         0
         0
         0
         0
         0
         0
         0
         0
         0
         0
         0
         0
         0
         0
         0
         0
         0
         0
         0
         0
         0
         0
         0
         0
         0
         0
         0
         0
         0
         0
         0
         0
         0
         0
         0
         0
         0
         0
         0
         0
         0
         0
         0
         0
         0
         0
         0
         0
         0
         0
         0
         0
         0
         0
         0
         0
         0
         0
         0
         0
         0
         0
         0
         0
         0
         0
         0
         0
         0
         0
         0
         0
         0
         0
         0
         0
         0
         0
         0
         0
         0
         0
         0
         0
         0
         0
         0
         0
         0
         0
         0
         0
         0
         0
         0
         0
         0
         0
         0
         0
         0
         0
         0
         0
         0
         0
         0
         0
         0
         0
         0
         0
         0
         0
         0
         0
         0
         0
         0
         0
         0
         0
         0
         0
         0
         0
         0
         0
         0
         0
         0
         0
         0
         0
         0
         0
         0
         0
         0
         0
         0
         0
         0
         0
         0
         0
         0
         0
         0
         0
         0
         0
         0
         0
         0
         0
         0
         0
         0
         0
         0
         0
         0
         0
         0
         0
         0
         0
         0
         0
         0
         0
         0
         0
         0
         0
         0
         0
         0
         0
         0
         0
         0
         0
         0
         0
         0
         0
         0
         0
         0
         0
         0
         0
         0
         0
         0
         0
         0
         0
         0
         0
         0
         0
         0
         0
         0
         0
         0
         0
         0
         0
         0
         0
         0
         0
         0
         0
         0
         0
         0
         0
         0
         0
         0
         0
         0
         0
         0
         0
         0
         0
         0
         0
         0
         0
         0
         0
         0
         0
         0
         0
         0
         0
         0
         0
         0
         0
         0
         0
         0
         0
         0
         0
         0
         0
         0
         0
         0
         0
         0
         0
         0
         0
         0
         0
         0
         0
         0
         0
         0
         0
         0
         0
         0
         0
         0
         0
         0
         0
         0
         0
         0
         0
         0
         0
         0
         0
         0
         0
         0
         0
         0
         0
         0
         0
         0
         0
         0
         0
         0
         0
         0
         0
         0
         0
         0
         0
         0
         0
         0
         0
         0
         0
         0
         0
         0
         0
         0
         0
         0
         0
         0
         0
         0
         0
         0
         0
         0
         0
         0
         0
         0
         0
         0
         0
         0
         0
         0
         0
         0
         0
         0
         0
         0
         0
         0
         0
         0
         0
         0
         0
         0
         0
         0
         0
         0
         0
         0
         0
         0
         0
         0
         0
         0
         0
         0
         0
         0
         0
         0
         0
         0
         0
         0
         0
         0
         0
         0
         0
         0
         0
         0
         0
         0
         0
         0
         0
         0
         0
         0
         0
         0
         0
         0
         0
         0
         0
         0
         0
         0
         0
         0
         0
         0
         0
         0
         0
         0
         0
         0
         0
         0
         0
         0
         0
         0
         0
         0
         0
         0
         0
         0
         0
         0
         0
         0
         0
         0
         0
         0
         0
         0
         0
         0
         0
         0
         0
         0
         0
         0
         0
         0
         0
         0
         0
         0
         0
         0
         0
         0
         0
         0
         0
         0
         0
         0
         0
         0
         0
         0
         0
         0
         0
         0
         0
         0
         0
         0
         0
         0
         0
         0
         0
         0
         0
         0
         0
         0
         0
         0
         0
         0
         0
         0
         0
         0
         0
         0
         0
         0
         0
         0
         0
         0
         0
         0
         0
         0
         0
         0
         0
         0
         0
         0
         0
         0
         0
         0
         0
