         0
         0
         0
         0
         0
         0
         0
         0
         0
         0
       703
       681
       666
       677
       672
       645
       672
       653
       723
       712
       694
       732
       703
       665
       640
       691
       674
       670
       715
       708
       743
       713
       696
       692
       769
       744
       815
       794
       792
       801
       844
       840
       860
       823
       792
       842
       799
       817
       833
       800
       783
       797
       780
       787
       776
       783
       792
       789
       814
       816
       773
       779
       805
       786
       808
       757
       809
       799
       805
       813
       882
       883
       867
       840
       952
       929
       975
       941
      1039
      1042
      1059
      1080
      1063
      1104
      1157
      1114
      1248
      1192
      1281
      1342
      1346
      1370
      1342
      1441
      1473
      1505
      1498
      1593
      1535
      1610
      1597
      1701
      1733
      1817
      1855
      1858
      1892
      1922
      1948
      2019
      2015
      2052
      2090
      2174
      2097
      2228
      2107
      2196
      2304
      2163
      2270
      2311
      2414
      2391
      2366
      2353
      2483
      2406
      2480
      2482
      2529
      2524
      2630
      2598
      2769
      2729
      2809
      2846
      2864
      2899
      3165
      3018
      3127
      3240
      3247
      3163
      3378
      3291
      3444
      3323
      3425
      3424
      3567
      3490
      3533
      3479
      3457
      3520
      3561
      3529
      3545
      3477
      3594
      3492
      3472
      3493
      3371
      3381
      3474
      3445
      3516
      3456
      3450
      3497
      3519
      3401
      3458
      3406
      3457
      3535
      3493
      3506
      3485
      3511
      3443
      3449
      3577
      3537
      3625
      3480
      3567
      3475
      3528
      3400
      3492
      3584
      3491
      3427
      3451
      3377
      3357
      3489
      3447
      3407
      3396
      3413
      3426
      3280
      3359
      3394
      3336
      3319
      3354
      3406
      3411
      3428
      3317
      3307
      3399
      3394
      3350
      3481
      3357
      3427
      3347
      3331
      3211
      3312
      3296
      3226
      3205
      3149
      3341
      3230
      3373
      3305
      3358
      3233
      3240
      3212
      3198
      3209
      3238
      3157
      3234
      3134
      3167
      3200
      3144
      3094
      3267
      3224
      3125
      3225
      3331
      3275
      3269
      3331
      3398
      3398
      3482
      3471
      3457
      3612
      3541
      3723
      3801
      3762
      3839
      3831
      3823
      3878
      4024
      4026
      3994
      3997
      4092
      4050
      4149
      4007
      4091
      4102
      4052
      4106
      4156
      4020
      4227
      4208
      4134
      4256
      4365
      4322
      4416
      4362
      4549
      4649
      4556
      4720
      4651
      4740
      4742
      4778
      4570
      4725
      4664
      4469
      4575
      4492
      4325
      4141
      3890
      3927
      3749
      3590
      3416
      3250
      3211
      3060
      3045
      2923
      2909
      2783
      2680
      2610
      2627
      2582
      2651
      2777
      2719
      2810
      2939
      2973
      3100
      3265
      3525
      3610
      3858
      4056
      4308
      4546
      4994
      5114
      5442
      5672
      6108
      6279
      6647
      6844
      7141
      7275
      7383
      7708
      7728
      7808
      7885
      7850
      7743
      7690
      7622
      7642
      7208
      7181
      6800
      6552
      6157
      5948
      5549
      5446
      4891
      4801
      4360
      3996
      3685
      3469
      3184
      2867
      2650
      2555
      2320
      2182
      2029
      1815
      1708
      1582
      1495
      1402
      1277
      1236
      1173
      1087
       983
       907
       914
       760
       783
       685
       616
       561
       513
       452
       438
       352
       344
       308
       264
       240
       210
       186
       155
       175
       116
       101
        86
        73
        68
        46
        43
        41
        34
        28
        11
        19
        14
         5
        13
         4
         7
         2
         2
         0
         0
         0
         1
         2
         2
         1
         0
         0
         0
         1
         0
         0
         0
         0
         0
         0
         0
         0
         0
         0
         0
         0
         1
         0
         0
         0
         0
         0
         0
         0
         0
         0
         0
         0
         0
         0
         0
         0
         0
         0
         0
         0
         0
         0
         0
         0
         0
         0
         0
         0
         0
         0
         0
         0
         0
         0
         0
         0
         0
         0
         0
         0
         0
         0
         0
         0
         0
         0
         0
         0
         0
         0
         0
         0
         0
         0
         0
         0
         0
         0
         0
         0
         0
         0
         0
         0
         0
         0
         0
         0
         0
         0
         0
         0
         0
         0
         0
         0
         0
         0
         0
         0
         0
         0
         0
         0
         0
         0
         0
         0
         0
         0
         0
         0
         0
         0
         0
         0
         0
         0
         0
         0
         0
         0
         0
         0
         0
         0
         0
         0
         0
         0
         0
         0
         0
         0
         0
         0
         0
         0
         0
         0
         0
         0
         0
         0
         0
         0
         0
         0
         0
         0
         0
         0
         0
         0
         0
         0
         0
         0
         0
         0
         0
         0
         0
         0
         0
         0
         0
         0
         0
         0
         0
         0
         0
         0
         0
         0
         0
         0
         0
         0
         0
         0
         0
         0
         0
         0
         0
         0
         0
         0
         0
         0
         0
         0
         0
         0
         0
         0
         0
         0
         0
         0
         0
         0
         0
         0
         0
         0
         0
         0
         0
         0
         0
         0
         0
         0
         0
         0
         0
         0
         0
         0
         0
         0
         0
         0
         0
         0
         0
         0
         0
         0
         0
         0
         0
         0
         0
         0
         0
         0
         0
         0
         0
         0
         0
         0
         0
         0
         0
         0
         0
         0
         0
         0
         0
         0
         0
         0
         0
         0
         0
         0
         0
         0
         0
         0
         0
         0
         0
         0
         0
         0
         0
         0
         0
         0
         0
         0
         0
         0
         0
         0
         0
         0
         0
         0
         0
         0
         0
         0
         0
         0
         0
         0
         0
         0
         0
         0
         0
         0
         0
         0
         0
         0
         0
         0
         0
         0
         0
         0
         0
         0
         0
         0
         0
         0
         0
         0
         0
         0
         0
         0
         0
         0
         0
         0
         0
         0
         0
         0
         0
         0
         0
         0
         0
         0
         0
         0
         0
         0
         0
         0
         0
         0
         0
         0
         0
         0
         0
         0
         0
         0
         0
         0
         0
         0
         0
         0
         0
         0
         0
         0
         0
         0
         0
         0
         0
         0
         0
         0
         0
         0
         0
         0
         0
         0
         0
         0
         0
         0
         0
         0
         0
         0
         0
         0
         0
         0
         0
         0
         0
         0
         0
         0
         0
         0
         0
         0
         0
         0
         0
         0
         0
         0
         0
         0
         0
         0
         0
         0
         0
         0
         0
         0
         0
         0
         0
         0
         0
         0
         0
         0
         0
         0
         0
         0
         0
         0
         0
         0
         0
         0
         0
         0
         0
         0
         0
         0
         0
         0
         0
         0
         0
         0
         0
         0
         0
         0
         0
         0
         0
         0
         0
         0
         0
         0
         0
         0
         0
         0
         0
         0
         0
         0
         0
         0
         0
         0
         0
         0
         0
         0
         0
         0
         0
         0
         0
         0
         0
         0
         0
         0
         0
         0
         0
         0
         0
         0
         0
         0
         0
         0
         0
         0
         0
         0
         0
         0
         0
         0
         0
         0
         0
         0
         0
         0
         0
         0
         0
         0
         0
         0
         0
         0
         0
         0
         0
         0
         0
         0
         0
         0
         0
         0
         0
         0
         0
         0
         0
         0
         0
         0
         0
         0
         0
         0
         0
         0
         0
         0
         0
         0
         0
         0
         0
         0
         0
         0
         0
         0
         0
         0
         0
         0
         0
         0
         0
         0
         0
         0
         0
         0
         0
         0
         0
         0
         0
         0
         0
         0
         0
         0
         0
         0
         0
         0
         0
         0
         0
         0
         0
         0
         0
         0
         0
         0
         0
         0
         0
         0
         0
         0
         0
         0
         0
         0
         0
         0
         0
         0
         0
         0
         0
         0
         0
         0
         0
         0
         0
         0
         0
         0
         0
         0
         0
         0
         0
         0
         0
         0
         0
         0
         0
         0
         0
         0
         0
         0
         0
         0
         0
         0
         0
         0
         0
         0
         0
         0
         0
         0
         0
         0
         0
         0
         0
         0
         0
         0
         0
         0
         0
         0
         0
         0
         0
         0
         0
         0
         0
         0
         0
         0
         0
         0
         0
         0
         0
         0
         0
         0
         0
         0
         0
         0
         0
         0
         0
         0
         0
         0
         0
         0
         0
         0
         0
         0
         0
         0
         0
         0
         0
         0
         0
         0
         0
         0
         0
         0
         0
         0
         0
         0
         0
         0
         0
         0
         0
         0
         0
         0
         0
         0
         0
         0
         0
         0
         0
         0
         0
         0
         0
         0
         0
         0
         0
         0
         0
         0
         0
         0
         0
         0
         0
         0
         0
         0
         0
         0
         0
         0
         0
         0
         0
         0
         0
         0
         0
         0
         0
         0
         0
         0
         0
         0
         0
         0
         0
         0
         0
         0
         0
         0
         0
         0
         0
         0
         0
         0
         0
         0
         0
         0
         0
         0
         0
         0
         0
         0
         0
         0
         0
         0
         0
         0
         0
         0
         0
         0
         0
         0
         0
         0
         0
         0
         0
         0
         0
         0
         0
         0
         0
         0
         0
         0
         0
         0
         0
         0
         0
         0
         0
         0
         0
         0
         0
         0
         0
         0
         0
         0
         0
         0
         0
         0
         0
         0
         0
         0
         0
         0
         0
         0
         0
         0
         0
         0
         0
         0
         0
         0
         0
         0
         0
         0
         0
         0
         0
         0
         0
         0
         0
         0
         0
         0
         0
         0
         0
         0
         0
         0
         0
         0
         0
         0
         0
         0
         0
         0
         0
         0
         0
         0
         0
         0
         0
         0
         0
         0
         0
         0
         0
         0
         0
         0
         0
         0
         0
         0
         0
         0
         0
         0
         0
         0
         0
         0
         0
         0
         0
         0
         0
         0
         0
         0
         0
         0
         0
         0
         0
         0
         0
         0
         0
         0
         0
         0
         0
         0
         0
         0
         0
         0
         0
         0
         0
         0
         0
         0
         0
         0
         0
         0
         0
         0
         0
         0
         0
         0
         0
         0
         0
         0
         0
         0
         0
         0
         0
         0
         0
         0
         0
         0
         0
         0
         0
         0
         0
         0
         0
         0
         0
         0
         0
         0
         0
         0
         0
         0
         0
         0
         0
         0
         0
         0
         0
         0
         0
         0
         0
         0
         0
         0
         0
         0
         0
         0
         0
         0
         0
         0
         0
         0
         0
         0
         0
         0
         0
         0
         0
         0
         0
         0
         0
         0
         0
         0
         0
         0
         0
         0
         0
         0
         0
         0
         0
         0
         0
         0
         0
         0
         0
         0
         0
         0
         0
         0
         0
         0
         0
         0
         0
         0
         0
         0
         0
         0
         0
         0
         0
         0
         0
         0
         0
         0
         0
         0
         0
         0
         0
         0
         0
         0
         0
         0
         0
         0
         0
         0
         0
         0
         0
         0
         0
         0
         0
         0
         0
         0
         0
         0
         0
         0
         0
         0
         0
         0
         0
         0
         0
         0
         0
         0
         0
         0
         0
         0
         0
         0
         0
         0
         0
         0
         0
         0
         0
         0
         0
         0
         0
         0
         0
         0
         0
         0
         0
         0
         0
         0
         0
         0
         0
         0
         0
         0
         0
         0
         0
         0
         0
         0
         0
         0
         0
         0
         0
         0
         0
         0
         0
         0
         0
         0
         0
         0
         0
         0
         0
         0
         0
         0
         0
         0
         0
         0
         0
         0
         0
         0
         0
         0
         0
         0
         0
         0
         0
         0
         0
         0
         0
         0
         0
         0
         0
         0
         0
         0
         0
         0
         0
         0
         0
         0
         0
         0
         0
         0
         0
         0
         0
         0
         0
         0
         0
         0
         0
         0
         0
         0
         0
         0
         0
         0
         0
         0
         0
         0
         0
         0
         0
         0
         0
         0
         0
         0
         0
         0
         0
         0
         0
         0
         0
         0
         0
         0
         0
         0
         0
         0
         0
         0
         0
         0
         0
         0
         0
         0
         0
         0
         0
         0
         0
         0
         0
         0
         0
         0
         0
         0
         0
         0
         0
         0
         0
         0
         0
         0
         0
         0
         0
         0
         0
         0
         0
         0
         0
         0
         0
         0
         0
         0
         0
         0
         0
         0
         0
         0
         0
         0
         0
         0
         0
         0
         0
         0
         0
         0
         0
         0
         0
         0
         0
         0
         0
         0
         0
         0
         0
         0
         0
         0
         0
         0
         0
         0
         0
         0
         0
         0
         0
         0
         0
         0
         0
         0
         0
         0
         0
         0
         0
         0
         0
         0
         0
         0
         0
         0
         0
         0
         0
         0
         0
         0
         0
         0
         0
         0
         0
         0
         0
         0
         0
         0
         0
         0
         0
         0
         0
         0
         0
         0
         0
         0
         0
         0
         0
         0
         0
         0
         0
         0
         0
         0
         0
         0
         0
         0
         0
         0
         0
         0
         0
         0
         0
         0
         0
         0
         0
         0
         0
         0
         0
         0
         0
         0
         0
         0
         0
         0
         0
         0
         0
         0
         0
         0
         0
         0
         0
         0
         0
         0
         0
         0
         0
         0
         0
         0
         0
         0
         0
         0
         0
         0
         0
         0
         0
         0
         0
         0
         0
         0
         0
         0
         0
         0
         0
         0
         0
         0
         0
         0
         0
         0
         0
         0
         0
         0
         0
         0
         0
         0
         0
         0
         0
         0
         0
         0
         0
         0
         0
         0
         0
         0
         0
         0
         0
         0
         0
         0
         0
         0
         0
         0
         0
         0
         0
         0
         0
         0
         0
         0
         0
         0
         0
         0
         0
         0
         0
         0
         0
         0
         0
         0
         0
         0
         0
         0
         0
         0
         0
         0
         0
         0
         0
         0
         0
         0
         0
         0
         0
         0
         0
         0
         0
         0
         0
         0
         0
         0
         0
         0
         0
         0
         0
         0
         0
         0
         0
         0
         0
         0
         0
         0
         0
         0
         0
         0
         0
         0
         0
         0
         0
         0
         0
         0
         0
         0
         0
         0
         0
         0
         0
         0
         0
         0
         0
         0
         0
         0
         0
         0
         0
         0
         0
         0
         0
         0
         0
         0
         0
         0
         0
         0
         0
         0
         0
         0
         0
         0
         0
         0
         0
         0
         0
         0
         0
         0
         0
         0
         0
         0
         0
         0
         0
         0
         0
         0
         0
         0
         0
         0
         0
         0
         0
         0
         0
         0
         0
         0
         0
         0
         0
         0
         0
         0
         0
         0
         0
         0
         0
         0
         0
         0
         0
         0
         0
         0
         0
         0
         0
         0
         0
         0
         0
         0
         0
         0
         0
         0
         0
         0
         0
         0
         0
         0
         0
         0
         0
         0
         0
         0
         0
         0
         0
         0
         0
         0
         0
         0
         0
         0
         0
         0
         0
         0
         0
         0
         0
         0
         0
         0
         0
         0
         0
         0
         0
         0
         0
         0
         0
         0
         0
         0
         0
         0
         0
         0
         0
         0
         0
         0
         0
         0
         0
         0
         0
         0
         0
         0
         0
         0
         0
         0
         0
         0
         0
         0
         0
         0
         0
         0
         0
         0
         0
         0
         0
         0
         0
         0
         0
         0
         0
         0
         0
         0
         0
         0
         0
         0
         0
         0
         0
         0
         0
         0
         0
         0
         0
         0
         0
         0
         0
         0
         0
         0
         0
         0
         0
         0
         0
         0
         0
         0
         0
         0
         0
         0
         0
         0
         0
         0
         0
         0
         0
         0
         0
         0
         0
         0
         0
         0
         0
         0
         0
         0
         0
         0
         0
         0
         0
         0
         0
         0
         0
         0
         0
         0
         0
         0
         0
         0
         0
         0
         0
         0
         0
         0
         0
         0
         0
         0
         0
         0
         0
         0
         0
         0
         0
         0
         0
         0
         0
         0
         0
         0
         0
         0
         0
         0
         0
         0
         0
         0
         0
         0
         0
         0
         0
         0
         0
         0
         0
         0
         0
         0
         0
         0
         0
         0
         0
         0
         0
         0
         0
         0
         0
         0
         0
         0
         0
         0
         0
         0
         0
         0
         0
         0
         0
         0
         0
         0
         0
         0
         0
         0
         0
         0
         0
         0
         0
         0
         0
         0
         0
         0
         0
         0
         0
         0
         0
         0
         0
         0
         0
         0
         0
         0
         0
         0
         0
         0
         0
         0
         0
         0
         0
         0
         0
         0
         0
         0
         0
         0
         0
         0
         0
         0
         0
         0
         0
         0
         0
         0
         0
         0
         0
         0
         0
         0
         0
         0
         0
         0
         0
         0
         0
         0
         0
         0
         0
         0
         0
         0
         0
         0
         0
         0
         0
         0
         0
         0
         0
         0
         0
         0
         0
         0
         0
         0
         0
         0
         0
         0
         0
         0
         0
         0
         0
         0
         0
         0
         0
         0
         0
         0
         0
         0
         0
         0
         0
         0
         0
         0
         0
         0
         0
         0
         0
         0
         0
         0
         0
         0
         0
         0
         0
         0
         0
         0
         0
         0
         0
         0
         0
         0
         0
         0
         0
         0
         0
         0
         0
         0
         0
         0
         0
         0
         0
         0
         0
         0
         0
         0
         0
         0
         0
         0
         0
         0
         0
         0
         0
         0
         0
         0
         0
         0
         0
         0
         0
         0
         0
         0
         0
         0
         0
         0
         0
         0
         0
         0
         0
         0
         0
         0
         0
         0
         0
         0
         0
         0
         0
         0
         0
         0
         0
         0
         0
         0
         0
         0
         0
         0
         0
         0
         0
         0
         0
         0
         0
         0
         0
         0
         0
         0
         0
         0
         0
         0
         0
         0
         0
         0
         0
         0
         0
         0
         0
         0
         0
         0
         0
         0
         0
         0
         0
         0
         0
         0
         0
         0
         0
         0
         0
         0
         0
         0
         0
         0
         0
         0
         0
         0
         0
         0
         0
         0
         0
         0
         0
         0
         0
         0
         0
         0
         0
         0
         0
         0
         0
         0
         0
         0
         0
         0
         0
         0
         0
         0
         0
         0
         0
         0
         0
         0
         0
         0
         0
         0
         0
         0
         0
         0
         0
         0
         0
         0
         0
         0
         0
         0
         0
         0
         0
         0
         0
         0
         0
         0
         0
         0
         0
         0
         0
         0
         0
         0
         0
         0
         0
         0
         0
         0
         0
         0
         0
         0
         0
         0
         0
         0
         0
         0
         0
         0
         0
         0
         0
         0
         0
         0
         0
         0
         0
         0
         0
         0
         0
         0
         0
         0
         0
         0
         0
         0
         0
         0
         0
         0
         0
         0
         0
         0
         0
         0
         0
         0
         0
         0
         0
         0
         0
         0
         0
         0
         0
         0
         0
         0
         0
         0
         0
         0
         0
         0
         0
         0
         0
         0
         0
         0
         0
         0
         0
         0
         0
         0
         0
         0
         0
         0
         0
         0
         0
         0
         0
         0
         0
         0
         0
         0
         0
         0
         0
         0
         0
         0
         0
         0
         0
         0
         0
         0
         0
         0
         0
         0
         0
         0
         0
         0
         0
         0
         0
         0
         0
         0
         0
         0
         0
         0
         0
         0
         0
         0
         0
         0
         0
         0
         0
         0
         0
         0
         0
         0
         0
         0
         0
         0
         0
         0
         0
         0
         0
         0
         0
         0
         0
         0
         0
         0
         0
         0
         0
         0
         0
         0
         0
         0
         0
         0
         0
         0
         0
         0
         0
         0
         0
         0
         0
         0
         0
         0
         0
         0
         0
         0
         0
         0
         0
         0
         0
         0
         0
         0
         0
         0
         0
         0
         0
         0
         0
         0
         0
         0
         0
         0
         0
         0
         0
         0
         0
         0
         0
         0
         0
         0
         0
         0
         0
         0
         0
         0
         0
         0
         0
         0
         0
         0
         0
         0
         0
         0
         0
         0
         0
         0
         0
         0
         0
         0
         0
         0
         0
         0
         0
         0
         0
         0
         0
         0
         0
         0
         0
         0
         0
         0
         0
         0
         0
         0
         0
         0
         0
         0
         0
         0
         0
         0
         0
         0
         0
         0
         0
         0
         0
         0
         0
         0
         0
         0
         0
         0
         0
         0
         0
         0
         0
         0
         0
         0
         0
         0
         0
         0
         0
         0
         0
         0
         0
         0
         0
         0
         0
         0
         0
         0
         0
         0
         0
         0
         0
         0
         0
         0
         0
         0
         0
         0
         0
         0
         0
         0
         0
         0
         0
         0
         0
         0
         0
         0
         0
         0
         0
         0
         0
         0
         0
         0
         0
         0
         0
         0
         0
         0
         0
         0
         0
         0
         0
         0
         0
         0
         0
         0
         0
         0
         0
         0
         0
         0
         0
         0
         0
         0
         0
         0
         0
         0
         0
         0
         0
         0
         0
         0
         0
         0
         0
         0
         0
         0
         0
         0
         0
         0
         0
         0
         0
         0
         0
         0
         0
         0
         0
         0
         0
         0
         0
         0
         0
         0
         0
         0
         0
         0
         0
         0
         0
         0
         0
         0
         0
         0
         0
         0
         0
         0
         0
