         0
         0
         0
         0
         0
         0
         0
         0
         0
         0
      1075
      1241
      1203
      1263
      1217
      1195
      1150
      1095
      1218
      1121
      1165
      1081
      1193
      1203
      1179
      1233
      1253
      1276
      1352
      1331
      1280
      1374
      1368
      1317
      1374
      1326
      1348
      1308
      1307
      1363
      1320
      1420
      1398
      1369
      1441
      1536
      1453
      1589
      1432
      1611
      1590
      1543
      1492
      1607
      1500
      1547
      1498
      1461
      1467
      1467
      1537
      1510
      1520
      1679
      1703
      1769
      1881
      2011
      2009
      2273
      2509
      2838
      3146
      3528
      4026
      4450
      5005
      5421
      5906
      6253
      6172
      6047
      5908
      5343
      4857
      4214
      3785
      3230
      2861
      2403
      2124
      1976
      1863
      1824
      1805
      1890
      1908
      1954
      1941
      1931
      1976
      2091
      1993
      2134
      2067
      2171
      2149
      2167
      2217
      2193
      2272
      2272
      2388
      2349
      2319
      2444
      2502
      2441
      2474
      2482
      2441
      2580
      2508
      2656
      2682
      2684
      2667
      2870
      2658
      2798
      2878
      2894
      2997
      2946
      3029
      3091
      3178
      3226
      3380
      3476
      3472
      3545
      3629
      3697
      3837
      3896
      3935
      3936
      3948
      4046
      4309
      4165
      4293
      4368
      4414
      4401
      4499
      4393
      4354
      4549
      4438
      4454
      4363
      4481
      4451
      4353
      4306
      4302
      4320
      4201
      4116
      4120
      4059
      4036
      4025
      3937
      3925
      3859
      4058
      3942
      3957
      3903
      3934
      3833
      3846
      3724
      3740
      3821
      3676
      3775
      3770
      3859
      3773
      3810
      3751
      3725
      3704
      3695
      3632
      3666
      3544
      3628
      3650
      3651
      3500
      3524
      3441
      3453
      3389
      3378
      3382
      3275
      3420
      3237
      3249
      3292
      3370
      3198
      3188
      3334
      3289
      3211
      3396
      3226
      3293
      3181
      3163
      3228
      3100
      3221
      3175
      3209
      3078
      3096
      2983
      3073
      3042
      3028
      2924
      3013
      2912
      2987
      2973
      3010
      2917
      2962
      2879
      2905
      2919
      2989
      2943
      2972
      3051
      3136
      3133
      3166
      3196
      3355
      3465
      3542
      3765
      3597
      4016
      4152
      4073
      4367
      4569
      4574
      4744
      4855
      5175
      5315
      5517
      5413
      5595
      5858
      5742
      5672
      5703
      5827
      5805
      5907
      5890
      6012
      6116
      6109
      6043
      6267
      6337
      6549
      6796
      6915
      6999
      7306
      7475
      7645
      7748
      7937
      7994
      8132
      8397
      8241
      8213
      8177
      8092
      8145
      7939
      7711
      7259
      7089
      6758
      6541
      6142
      5950
      5506
      5099
      5045
      4533
      4461
      4123
      3838
      3756
      3644
      3480
      3576
      3325
      3490
      3519
      3726
      3706
      4256
      4458
      4686
      5135
      5483
      5920
      6607
      7098
      7857
      8331
      9169
      9941
     10793
     11566
     12285
     12841
     13577
     14566
     15115
     15628
     16169
     16879
     17119
     17490
     17345
     17715
     17666
     17490
     17351
     16992
     16421
     16244
     15393
     14956
     14198
     13370
     12571
     12156
     11395
     10500
      9930
      9136
      8575
      7875
      7248
      6725
      6200
      5611
      5232
      4789
      4484
      4217
      3920
      3579
      3535
      3209
      2986
      2802
      2600
      2479
      2321
      2166
      2049
      1911
      1688
      1594
      1390
      1361
      1239
      1134
       960
       884
       886
       748
       605
       557
       500
       417
       350
       347
       284
       230
       190
       164
       118
       114
        99
        63
        62
        47
        44
        25
        29
        17
        15
        13
        10
         3
         8
         5
         6
         4
         5
         4
         2
         6
         4
         0
        12
         2
         2
         4
         4
         2
         1
         2
         3
         1
         3
         6
         1
         1
         3
         0
         0
         2
         1
         3
         2
         2
         1
         0
         0
         0
         1
         0
         1
         0
         1
         0
         1
         0
         0
         1
         0
         0
         0
         0
         0
         0
         0
         0
         0
         0
         0
         0
         0
         0
         0
         0
         0
         0
         0
         0
         0
         0
         0
         0
         0
         0
         0
         0
         0
         0
         0
         0
         0
         0
         0
         0
         0
         0
         0
         0
         0
         0
         0
         0
         0
         0
         0
         0
         0
         0
         0
         0
         0
         0
         0
         0
         0
         0
         0
         0
         0
         0
         0
         0
         0
         0
         0
         0
         0
         0
         0
         0
         0
         0
         0
         0
         0
         0
         0
         0
         0
         0
         0
         0
         0
         0
         0
         0
         0
         0
         0
         0
         0
         0
         0
         0
         0
         0
         0
         0
         0
         0
         0
         0
         0
         0
         0
         0
         0
         0
         0
         0
         0
         0
         0
         0
         0
         0
         0
         0
         0
         0
         0
         0
         0
         0
         0
         0
         0
         0
         0
         0
         0
         0
         0
         0
         0
         0
         0
         0
         0
         0
         0
         0
         0
         0
         0
         0
         0
         0
         0
         0
         0
         0
         0
         0
         0
         0
         0
         0
         0
         0
         0
         0
         0
         0
         0
         0
         0
         0
         0
         0
         0
         0
         0
         0
         0
         0
         0
         0
         0
         0
         0
         0
         0
         0
         0
         0
         0
         0
         0
         0
         0
         0
         0
         0
         0
         0
         0
         0
         0
         0
         0
         0
         0
         0
         0
         0
         0
         0
         0
         0
         0
         0
         0
         0
         0
         0
         0
         0
         0
         0
         0
         0
         0
         0
         0
         0
         0
         0
         0
         0
         0
         0
         0
         0
         0
         0
         0
         0
         0
         0
         0
         0
         0
         0
         0
         0
         0
         0
         0
         0
         0
         0
         0
         0
         0
         0
         0
         0
         0
         0
         0
         0
         0
         0
         0
         0
         0
         0
         0
         0
         0
         0
         0
         0
         0
         0
         0
         0
         0
         0
         0
         0
         0
         0
         0
         0
         0
         0
         0
         0
         0
         0
         0
         0
         0
         0
         0
         0
         0
         0
         0
         0
         0
         0
         0
         0
         0
         0
         0
         0
         0
         0
         0
         0
         0
         0
         0
         0
         0
         0
         0
         0
         0
         0
         0
         0
         0
         0
         0
         0
         0
         0
         0
         0
         0
         0
         0
         0
         0
         0
         0
         0
         0
         0
         0
         0
         0
         0
         0
         0
         0
         0
         0
         0
         0
         0
         0
         0
         0
         0
         0
         0
         0
         0
         0
         0
         0
         0
         0
         0
         0
         0
         0
         0
         0
         0
         0
         0
         0
         0
         0
         0
         0
         0
         0
         0
         0
         0
         0
         0
         0
         0
         0
         0
         0
         0
         0
         0
         0
         0
         0
         0
         0
         0
         0
         0
         0
         0
         0
         0
         0
         0
         0
         0
         0
         0
         0
         0
         0
         0
         0
         0
         0
         0
         0
         0
         0
         0
         0
         0
         0
         0
         0
         0
         0
         0
         0
         0
         0
         0
         0
         0
         0
         0
         0
         0
         0
         0
         0
         0
         0
         0
         0
         0
         0
         0
         0
         0
         0
         0
         0
         0
         0
         0
         0
         0
         0
         0
         0
         0
         0
         0
         0
         0
         0
         0
         0
         0
         0
         0
         0
         0
         0
         0
         0
         0
         0
         0
         0
         0
         0
         0
         0
         0
         0
         0
         0
         0
         0
         0
         0
         0
         0
         0
         0
         0
         0
         0
         0
         0
         0
         0
         0
         0
         0
         0
         0
         0
         0
         0
         0
         0
         0
         0
         0
         0
         0
         0
         0
         0
         0
         0
         0
         0
         0
         0
         0
         0
         0
         0
         0
         0
         0
         0
         0
         0
         0
         0
         0
         0
         0
         0
         0
         0
         0
         0
         0
         0
         0
         0
         0
         0
         0
         0
         0
         0
         0
         0
         0
         0
         0
         0
         0
         0
         0
         0
         0
         0
         0
         0
         0
         0
         0
         0
         0
         0
         0
         0
         0
         0
         0
         0
         0
         0
         0
         0
         0
         0
         0
         0
         0
         0
         0
         0
         0
         0
         0
         0
         0
         0
         0
         0
         0
         0
         0
         0
         0
         0
         0
         0
         0
         0
         0
         0
         0
         0
         0
         0
         0
         0
         0
         0
         0
         0
         0
         0
         0
         0
         0
         0
         0
         0
         0
         0
         0
         0
         0
         0
         0
         0
         0
         0
         0
         0
         0
         0
         0
         0
         0
         0
         0
         0
         0
         0
         0
         0
         0
         0
         0
         0
         0
         0
         0
         0
         0
         0
         0
         0
         0
         0
         0
         0
         0
         0
         0
         0
         0
         0
         0
         0
         0
         0
         0
         0
         0
         0
         0
         0
         0
         0
         0
         0
         0
         0
         0
         0
         0
         0
         0
         0
         0
         0
         0
         0
         0
         0
         0
         0
         0
         0
         0
         0
         0
         0
         0
         0
         0
         0
         0
         0
         0
         0
         0
         0
         0
         0
         0
         0
         0
         0
         0
         0
         0
         0
         0
         0
         0
         0
         0
         0
         0
         0
         0
         0
         0
         0
         0
         0
         0
         0
         0
         0
         0
         0
         0
         0
         0
         0
         0
         0
         0
         0
         0
         0
         0
         0
         0
         0
         0
         0
         0
         0
         0
         0
         0
         0
         0
         0
         0
         0
         0
         0
         0
         0
         0
         0
         0
         0
         0
         0
         0
         0
         0
         0
         0
         0
         0
         0
         0
         0
         0
         0
         0
         0
         0
         0
         0
         0
         0
         0
         0
         0
         0
         0
         0
         0
         0
         0
         0
         0
         0
         0
         0
         0
         0
         0
         0
         0
         0
         0
         0
         0
         0
         0
         0
         0
         0
         0
         0
         0
         0
         0
         0
         0
         0
         0
         0
         0
         0
         0
         0
         0
         0
         0
         0
         0
         0
         0
         0
         0
         0
         0
         0
         0
         0
         0
         0
         0
         0
         0
         0
         0
         0
         0
         0
         0
         0
         0
         0
         0
         0
         0
         0
         0
         0
         0
         0
         0
         0
         0
         0
         0
         0
         0
         0
         0
         0
         0
         0
         0
         0
         0
         0
         0
         0
         0
         0
         0
         0
         0
         0
         0
         0
         0
         0
         0
         0
         0
         0
         0
         0
         0
         0
         0
         0
         0
         0
         0
         0
         0
         0
         0
         0
         0
         0
         0
         0
         0
         0
         0
         0
         0
         0
         0
         0
         0
         0
         0
         0
         0
         0
         0
         0
         0
         0
         0
         0
         0
         0
         0
         0
         0
         0
         0
         0
         0
         0
         0
         0
         0
         0
         0
         0
         0
         0
         0
         0
         0
         0
         0
         0
         0
         0
         0
         0
         0
         0
         0
         0
         0
         0
         0
         0
         0
         0
         0
         0
         0
         0
         0
         0
         0
         0
         0
         0
         0
         0
         0
         0
         0
         0
         0
         0
         0
         0
         0
         0
         0
         0
         0
         0
         0
         0
         0
         0
         0
         0
         0
         0
         0
         0
         0
         0
         0
         0
         0
         0
         0
         0
         0
         0
         0
         0
         0
         0
         0
         0
         0
         0
         0
         0
         0
         0
         0
         0
         0
         0
         0
         0
         0
         0
         0
         0
         0
         0
         0
         0
         0
         0
         0
         0
         0
         0
         0
         0
         0
         0
         0
         0
         0
         0
         0
         0
         0
         0
         0
         0
         0
         0
         0
         0
         0
         0
         0
         0
         0
         0
         0
         0
         0
         0
         0
         0
         0
         0
         0
         0
         0
         0
         0
         0
         0
         0
         0
         0
         0
         0
         0
         0
         0
         0
         0
         0
         0
         0
         0
         0
         0
         0
         0
         0
         0
         0
         0
         0
         0
         0
         0
         0
         0
         0
         0
         0
         0
         0
         0
         0
         0
         0
         0
         0
         0
         0
         0
         0
         0
         0
         0
         0
         0
         0
         0
         0
         0
         0
         0
         0
         0
         0
         0
         0
         0
         0
         0
         0
         0
         0
         0
         0
         0
         0
         0
         0
         0
         0
         0
         0
         0
         0
         0
         0
         0
         0
         0
         0
         0
         0
         0
         0
         0
         0
         0
         0
         0
         0
         0
         0
         0
         0
         0
         0
         0
         0
         0
         0
         0
         0
         0
         0
         0
         0
         0
         0
         0
         0
         0
         0
         0
         0
         0
         0
         0
         0
         0
         0
         0
         0
         0
         0
         0
         0
         0
         0
         0
         0
         0
         0
         0
         0
         0
         0
         0
         0
         0
         0
         0
         0
         0
         0
         0
         0
         0
         0
         0
         0
         0
         0
         0
         0
         0
         0
         0
         0
         0
         0
         0
         0
         0
         0
         0
         0
         0
         0
         0
         0
         0
         0
         0
         0
         0
         0
         0
         0
         0
         0
         0
         0
         0
         0
         0
         0
         0
         0
         0
         0
         0
         0
         0
         0
         0
         0
         0
         0
         0
         0
         0
         0
         0
         0
         0
         0
         0
         0
         0
         0
         0
         0
         0
         0
         0
         0
         0
         0
         0
         0
         0
         0
         0
         0
         0
         0
         0
         0
         0
         0
         0
         0
         0
         0
         0
         0
         0
         0
         0
         0
         0
         0
         0
         0
         0
         0
         0
         0
         0
         0
         0
         0
         0
         0
         0
         0
         0
         0
         0
         0
         0
         0
         0
         0
         0
         0
         0
         0
         0
         0
         0
         0
         0
         0
         0
         0
         0
         0
         0
         0
         0
         0
         0
         0
         0
         0
         0
         0
         0
         0
         0
         0
         0
         0
         0
         0
         0
         0
         0
         0
         0
         0
         0
         0
         0
         0
         0
         0
         0
         0
         0
         0
         0
         0
         0
         0
         0
         0
         0
         0
         0
         0
         0
         0
         0
         0
         0
         0
         0
         0
         0
         0
         0
         0
         0
         0
         0
         0
         0
         0
         0
         0
         0
         0
         0
         0
         0
         0
         0
         0
         0
         0
         0
         0
         0
         0
         0
         0
         0
         0
         0
         0
         0
         0
         0
         0
         0
         0
         0
         0
         0
         0
         0
         0
         0
         0
         0
         0
         0
         0
         0
         0
         0
         0
         0
         0
         0
         0
         0
         0
         0
         0
         0
         0
         0
         0
         0
         0
         0
         0
         0
         0
         0
         0
         0
         0
         0
         0
         0
         0
         0
         0
         0
         0
         0
         0
         0
         0
         0
         0
         0
         0
         0
         0
         0
         0
         0
         0
         0
         0
         0
         0
         0
         0
         0
         0
         0
         0
         0
         0
         0
         0
         0
         0
         0
         0
         0
         0
         0
         0
         0
         0
         0
         0
         0
         0
         0
         0
         0
         0
         0
         0
         0
         0
         0
         0
         0
         0
         0
         0
         0
         0
         0
         0
         0
         0
         0
         0
         0
         0
         0
         0
         0
         0
         0
         0
         0
         0
         0
         0
         0
         0
         0
         0
         0
         0
         0
         0
         0
         0
         0
         0
         0
         0
         0
         0
         0
         0
         0
         0
         0
         0
         0
         0
         0
         0
         0
         0
         0
         0
         0
         0
         0
         0
         0
         0
         0
         0
         0
         0
         0
         0
         0
         0
         0
         0
         0
         0
         0
         0
         0
         0
         0
         0
         0
         0
         0
         0
         0
         0
         0
         0
         0
         0
         0
         0
         0
         0
         0
         0
         0
         0
         0
         0
         0
         0
         0
         0
         0
         0
         0
         0
         0
         0
         0
         0
         0
         0
         0
         0
         0
         0
         0
         0
         0
         0
         0
         0
         0
         0
         0
         0
         0
         0
         0
         0
         0
         0
         0
         0
         0
         0
         0
         0
         0
         0
         0
         0
         0
         0
         0
         0
         0
         0
         0
         0
         0
         0
         0
         0
         0
         0
         0
         0
         0
         0
         0
         0
         0
         0
         0
         0
         0
         0
         0
         0
         0
         0
         0
         0
         0
         0
         0
         0
         0
         0
         0
         0
         0
         0
         0
         0
         0
         0
         0
         0
         0
         0
         0
         0
         0
         0
         0
         0
         0
         0
         0
         0
         0
         0
         0
         0
         0
         0
         0
         0
         0
         0
         0
         0
         0
         0
         0
         0
         0
         0
         0
         0
         0
         0
         0
         0
         0
         0
         0
         0
         0
         0
         0
         0
         0
         0
         0
         0
         0
         0
         0
         0
         0
         0
         0
         0
         0
         0
         0
         0
         0
         0
         0
         0
         0
         0
         0
         0
         0
         0
         0
         0
         0
         0
         0
         0
         0
         0
         0
         0
         0
         0
         0
         0
         0
         0
         0
         0
         0
         0
         0
         0
         0
         0
         0
         0
         0
         0
         0
         0
         0
         0
         0
         0
         0
         0
         0
         0
         0
         0
         0
         0
         0
         0
         0
         0
         0
         0
         0
         0
         0
         0
         0
         0
         0
         0
         0
         0
         0
         0
         0
         0
         0
         0
         0
         0
         0
         0
         0
         0
         0
         0
         0
         0
         0
         0
         0
         0
         0
         0
         0
         0
         0
         0
         0
         0
         0
         0
         0
         0
         0
         0
         0
         0
         0
         0
         0
         0
         0
         0
         0
         0
         0
         0
         0
         0
         0
         0
         0
         0
         0
         0
         0
         0
         0
         0
         0
         0
         0
         0
         0
         0
         0
         0
         0
         0
         0
         0
         0
         0
         0
         0
         0
         0
         0
         0
         0
         0
         0
         0
         0
         0
         0
         0
         0
         0
         0
         0
         0
         0
         0
         0
         0
         0
         0
         0
         0
         0
         0
         0
         0
         0
         0
         0
         0
         0
         0
         0
         0
         0
         0
         0
         0
         0
         0
         0
         0
         0
         0
         0
         0
         0
         0
         0
         0
         0
         0
         0
         0
         0
         0
         0
         0
         0
         0
         0
         0
         0
         0
         0
         0
         0
         0
         0
         0
         0
         0
         0
         0
         0
         0
         0
         0
         0
         0
         0
         0
         0
         0
         0
         0
         0
         0
         0
         0
         0
         0
         0
         0
         0
         0
         0
         0
         0
         0
         0
         0
         0
         0
         0
         0
         0
         0
         0
         0
         0
         0
         0
         0
         0
         0
         0
         0
         0
         0
         0
         0
         0
         0
         0
         0
         0
         0
         0
         0
         0
         0
         0
         0
         0
         0
         0
         0
         0
         0
         0
         0
         0
         0
         0
         0
         0
         0
         0
         0
         0
         0
         0
         0
         0
         0
         0
         0
         0
         0
         0
         0
         0
         0
         0
         0
         0
         0
         0
         0
         0
         0
         0
         0
         0
         0
         0
         0
         0
         0
         0
         0
         0
         0
         0
         0
         0
         0
         0
         0
         0
         0
         0
         0
         0
         0
         0
         0
         0
         0
         0
         0
         0
         0
         0
         0
         0
         0
         0
         0
         0
         0
         0
         0
         0
         0
         0
         0
         0
         0
         0
         0
         0
         0
         0
         0
         0
         0
         0
         0
         0
         0
         0
         0
         0
         0
         0
         0
         0
         0
         0
         0
         0
         0
         0
         0
         0
         0
         0
         0
         0
         0
         0
         0
         0
         0
         0
         0
         0
         0
         0
         0
         0
         0
         0
         0
         0
         0
         0
         0
         0
         0
         0
         0
         0
         0
         0
         0
         0
         0
         0
         0
         0
         0
         0
         0
         0
         0
         0
         0
         0
         0
         0
         0
         0
         0
         0
         0
         0
         0
         0
         0
         0
         0
         0
         0
         0
         0
         0
         0
         0
         0
         0
         0
         0
         0
         0
         0
         0
         0
         0
         0
         0
         0
         0
         0
         0
         0
         0
         0
         0
         0
         0
         0
         0
         0
         0
         0
         0
         0
         0
         0
         0
         0
         0
         0
         0
         0
         0
         0
         0
         0
         0
         0
         0
         0
         0
         0
         0
         0
         0
         0
         0
         0
         0
         0
         0
         0
         0
         0
         0
         0
         0
         0
         0
         0
         0
         0
         0
         0
         0
         0
         0
         0
         0
         0
         0
         0
         0
         0
         0
         0
         0
         0
         0
         0
         0
         0
         0
         0
         0
         0
         0
         0
         0
         0
         0
         0
         0
         0
         0
         0
         0
         0
         0
         0
         0
         0
         0
         0
         0
         0
         0
         0
         0
         0
         0
         0
         0
         0
         0
         0
         0
         0
         0
         0
         0
         0
         0
         0
         0
         0
         0
         0
         0
         0
         0
         0
         0
         0
         0
         0
         0
         0
         0
         0
         0
         0
         0
         0
         0
         0
         0
         0
         0
         0
         0
         0
         0
         0
         0
         0
         0
         0
         0
         0
         0
         0
         0
         0
         0
         0
         0
         0
         0
         0
         0
         0
         0
         0
         0
         0
         0
         0
         0
         0
         0
         0
         0
         0
         0
         0
         0
         0
         0
         0
         0
         0
         0
         0
         0
         0
         0
         0
         0
         0
         0
         0
         0
         0
         0
         0
         0
         0
         0
         0
         0
         0
         0
         0
         0
         0
         0
         0
         0
         0
         0
